VertexCount: 630
TriangleCount: 210
Vertices
-0.000000 -1.767767 -1.767767 0.548827 0.198352 -0.000000 -0.382683 -0.923880 0.000000 -0.923880 0.382683 -1.000000 0.000000 0.000000
-0.000000 -1.767767 -1.767767 0.572706 0.198352 -0.000000 -0.923879 -0.382684 0.000000 -0.382684 0.923880 -1.000000 -0.000000 0.000000
-0.000000 -1.767767 -1.767767 0.742841 0.447660 1.000000 0.000000 -0.000000 0.000000 0.000000 1.000000 0.000000 -1.000000 0.000000
-0.000000 -1.767767 -1.767767 0.742841 0.447660 1.000000 0.000000 -0.000000 0.000000 0.000005 1.000000 0.000000 -1.000000 0.000005
-0.000000 -6.000003 -100.000000 0.069947 0.818924 -0.000000 0.000000 1.000000 -1.000000 0.000000 -0.000000 -0.000000 -1.000000 -0.000000
-0.000000 -6.000003 -100.000000 0.069947 0.818924 -0.000000 0.000000 1.000000 -1.000000 0.000000 -0.000000 -0.000000 -1.000000 -0.000000
-0.000000 -6.000003 -100.000000 0.069947 0.818924 -0.000000 0.000000 1.000000 -1.000000 -0.000001 -0.000000 0.000001 -1.000000 0.000000
-0.000000 -6.000003 -100.000000 0.364382 0.699402 -0.000000 -0.894427 -0.447214 -0.997501 0.031598 -0.063195 0.070655 0.446096 -0.892192
-0.000000 -6.000003 -100.000000 0.364382 0.699402 -0.000000 -0.894427 -0.447214 -0.997501 -0.031598 0.063195 -0.070655 0.446096 -0.892192
1.854103 -5.706342 -100.000000 0.051480 0.815999 -0.000000 0.000000 1.000000 -1.000000 0.000000 -0.000000 -0.000000 -1.000000 -0.000000
1.854103 -5.706342 -100.000000 0.051480 0.815999 -0.000000 0.000000 1.000000 -1.000000 0.000000 -0.000000 -0.000000 -1.000000 -0.000000
1.854103 -5.706342 -100.000000 0.345915 0.699402 0.276394 -0.850650 -0.447214 -0.958444 -0.278195 -0.063196 -0.070655 0.446096 -0.892192
1.854103 -5.706342 -100.000000 0.345915 0.699402 0.276394 -0.850650 -0.447214 -0.938915 -0.338297 0.063195 -0.205048 0.402429 -0.892192
3.526713 -4.854104 -100.000000 0.034820 0.807511 -0.000000 0.000000 1.000000 -1.000000 0.000000 -0.000000 -0.000000 -1.000000 -0.000000
3.526713 -4.854104 -100.000000 0.329256 0.699402 0.525733 -0.723606 -0.447213 -0.825567 -0.560754 -0.063196 -0.205048 0.402429 -0.892192
3.526713 -4.854104 -100.000000 0.329256 0.699402 0.525733 -0.723606 -0.447213 -0.788422 -0.611881 0.063195 -0.319369 0.319369 -0.892192
4.854104 -3.526712 -100.000000 0.021599 0.794290 -0.000000 0.000000 1.000000 -1.000000 0.000000 -0.000000 -0.000000 -1.000000 -0.000000
4.854104 -3.526712 -100.000000 0.021599 0.794290 -0.000000 0.000000 1.000000 -1.000000 0.000000 -0.000000 -0.000000 -1.000000 0.000000
4.854104 -3.526712 -100.000000 0.021599 0.794290 -0.000000 0.000000 1.000000 -1.000000 0.000000 -0.000000 -0.000000 -1.000000 -0.000000
4.854104 -3.526712 -100.000000 0.021599 0.794290 -0.000000 0.000000 1.000000 -1.000000 0.000000 -0.000000 -0.000000 -1.000000 -0.000000
4.854104 -3.526712 -100.000000 0.021599 0.794290 -0.000000 0.000000 1.000000 -1.000000 0.000000 -0.000000 -0.000000 -1.000000 -0.000000
4.854104 -3.526712 -100.000000 0.316035 0.699402 0.723607 -0.525731 -0.447213 -0.611879 -0.788423 -0.063196 -0.319369 0.319369 -0.892192
4.854104 -3.526712 -100.000000 0.322662 0.572227 0.723607 -0.525731 -0.447213 0.560753 0.825568 -0.063195 0.402429 -0.205048 0.892192
5.706341 -1.854102 -100.000000 0.013111 0.777630 -0.000000 0.000000 1.000000 -1.000000 0.000000 -0.000000 -0.000000 -1.000000 -0.000000
5.706341 -1.854102 -100.000000 0.339322 0.572227 0.850651 -0.276393 -0.447213 0.338296 0.938916 0.063196 0.402429 -0.205048 0.892192
5.706341 -1.854102 -100.000000 0.339322 0.572227 0.850651 -0.276393 -0.447213 0.278193 0.958444 -0.063195 0.446096 -0.070655 0.892192
6.000001 -0.000000 -100.000000 0.010186 0.759163 -0.000000 0.000000 1.000000 -1.000000 0.000004 -0.000000 -0.000004 -1.000000 -0.000000
6.000001 -0.000000 -100.000000 0.010186 0.759163 -0.000000 0.000000 1.000000 -1.000000 -0.000008 -0.000000 0.000008 -1.000000 0.000000
6.000001 -0.000000 -100.000000 0.010186 0.759163 -0.000000 0.000000 1.000000 -1.000000 0.000000 -0.000000 -0.000000 -1.000000 0.000000
6.000001 -0.000000 -100.000000 0.010186 0.759163 -0.000000 0.000000 1.000000 -1.000000 0.000000 -0.000000 -0.000000 -1.000000 0.000000
6.000001 -0.000000 -100.000000 0.010186 0.759163 -0.000000 0.000000 1.000000 -1.000000 0.000000 -0.000000 -0.000000 -1.000000 -0.000000
6.000001 -0.000000 -100.000000 0.357789 0.572227 0.894427 0.000000 -0.447214 0.031598 0.997501 0.063195 0.446096 -0.070655 0.892192
6.000001 -0.000000 -100.000000 0.357789 0.572227 0.894427 0.000000 -0.447214 -0.031598 0.997501 -0.063195 0.446096 0.070655 0.892192
5.706341 1.854102 -100.000000 0.013111 0.740696 -0.000000 0.000000 1.000000 -1.000000 -0.000008 -0.000000 0.000008 -1.000000 0.000000
5.706341 1.854102 -100.000000 0.376256 0.572227 0.850651 0.276393 -0.447214 -0.278194 0.958444 0.063196 0.446096 0.070655 0.892192
5.706341 1.854102 -100.000000 0.376256 0.572227 0.850651 0.276393 -0.447214 -0.338296 0.938915 -0.063195 0.402429 0.205048 0.892192
4.854103 3.526712 -100.000000 0.021599 0.724036 -0.000000 0.000000 1.000000 -1.000000 0.000004 -0.000000 -0.000004 -1.000000 -0.000000
4.854103 3.526712 -100.000000 0.021599 0.724036 -0.000000 0.000000 1.000000 -1.000000 -0.000008 -0.000000 0.000008 -1.000000 0.000000
4.854103 3.526712 -100.000000 0.392916 0.572227 0.723606 0.525732 -0.447214 -0.560754 0.825567 0.063196 0.402429 0.205048 0.892192
4.854103 3.526712 -100.000000 0.392916 0.572227 0.723606 0.525732 -0.447214 -0.611880 0.788422 -0.063195 0.319370 0.319370 0.892192
3.526712 4.854103 -100.000000 0.034821 0.710815 -0.000000 0.000000 1.000000 -1.000000 -0.000000 -0.000000 0.000000 -1.000000 0.000000
3.526712 4.854103 -100.000000 0.034821 0.710815 -0.000000 0.000000 1.000000 -1.000000 0.000004 -0.000000 -0.000004 -1.000000 -0.000000
3.526712 4.854103 -100.000000 0.034821 0.710815 -0.000000 0.000000 1.000000 -1.000000 -0.000000 -0.000000 0.000000 -1.000000 0.000000
3.526712 4.854103 -100.000000 0.034821 0.710815 -0.000000 0.000000 1.000000 -1.000000 0.000000 -0.000000 -0.000000 -1.000000 0.000000
3.526712 4.854103 -100.000000 0.406137 0.572227 0.525732 0.723606 -0.447213 -0.788422 0.611880 0.063195 0.319369 0.319369 0.892192
3.526712 4.854103 -100.000000 0.239572 0.818924 0.525732 0.723606 -0.447213 -0.825567 0.560754 -0.063196 0.205048 0.402429 0.892192
1.854102 5.706340 -100.000000 0.051480 0.702327 -0.000000 0.000000 1.000000 -1.000000 0.000000 -0.000000 -0.000000 -1.000000 0.000000
1.854102 5.706340 -100.000000 0.051480 0.702327 -0.000000 0.000000 1.000000 -1.000000 0.000000 -0.000000 -0.000000 -1.000000 0.000000
1.854102 5.706340 -100.000000 0.051480 0.702327 -0.000000 0.000000 1.000000 -1.000000 -0.000000 -0.000000 0.000000 -1.000000 0.000000
1.854102 5.706340 -100.000000 0.256232 0.818924 0.276397 0.850650 -0.447213 -0.938914 0.338299 0.063194 0.205047 0.402428 0.892192
1.854102 5.706340 -100.000000 0.256232 0.818924 0.276397 0.850650 -0.447213 -0.958443 0.278197 -0.063197 0.070655 0.446096 0.892192
-100.000000 1.767767 -1.767767 0.539940 0.449730 -0.000000 0.382683 -0.923880 0.000000 -0.923880 -0.382683 -1.000000 -0.000000 0.000000
-100.000000 1.767767 -1.767767 0.559785 0.449730 -0.000000 0.923880 -0.382683 -0.000000 -0.382683 -0.923880 -1.000000 -0.000000 0.000000
-100.000000 1.767767 -1.767767 0.592219 0.195395 -1.000000 0.000000 0.000000 -0.000000 1.000000 -0.000007 -0.000000 -0.000007 -1.000000
-100.000000 1.767767 -1.767767 0.592219 0.195395 -1.000000 0.000000 0.000000 0.000000 1.000000 -0.000000 -0.000000 -0.000000 -1.000000
0.000000 6.000001 -100.000000 0.069947 0.699402 -0.000000 0.000000 1.000000 -1.000000 0.000000 -0.000000 -0.000000 -1.000000 0.000000
0.000000 6.000001 -100.000000 0.274699 0.818924 -0.000000 0.894427 -0.447214 -0.997501 0.031598 0.063196 0.070655 0.446096 0.892192
0.000000 6.000001 -100.000000 0.274699 0.818924 -0.000000 0.894427 -0.447214 -0.997501 -0.031598 -0.063195 -0.070655 0.446096 0.892192
-1.854102 5.706340 -100.000000 0.088414 0.702327 -0.000000 0.000000 1.000000 -1.000000 0.000000 -0.000000 -0.000000 -1.000000 0.000000
-1.854102 5.706340 -100.000000 0.088414 0.702327 -0.000000 0.000000 1.000000 -1.000000 0.000000 -0.000000 -0.000000 -1.000000 0.000000
-1.854102 5.706340 -100.000000 0.293166 0.818924 -0.276395 0.850650 -0.447214 -0.958444 -0.278195 0.063196 -0.070655 0.446096 0.892192
-1.854102 5.706340 -100.000000 0.293166 0.818924 -0.276395 0.850650 -0.447214 -0.938915 -0.338297 -0.063195 -0.205048 0.402429 0.892192
-3.526711 4.854102 -100.000000 0.105074 0.710815 -0.000000 0.000000 1.000000 -1.000000 0.000002 -0.000000 -0.000002 -1.000000 -0.000000
-3.526711 4.854102 -100.000000 0.105074 0.710815 -0.000000 0.000000 1.000000 -1.000000 -0.000000 -0.000000 0.000000 -1.000000 0.000000
-3.526711 4.854102 -100.000000 0.105074 0.710815 -0.000000 0.000000 1.000000 -1.000000 -0.000008 -0.000000 0.000008 -1.000000 0.000000
-3.526711 4.854102 -100.000000 0.105074 0.710815 -0.000000 0.000000 1.000000 -1.000000 0.000000 -0.000000 -0.000000 -1.000000 0.000000
-3.526711 4.854102 -100.000000 0.105074 0.710815 -0.000000 0.000000 1.000000 -1.000000 -0.000000 -0.000000 0.000000 -1.000000 0.000000
-3.526711 4.854102 -100.000000 0.309826 0.818924 -0.525732 0.723607 -0.447213 -0.825568 -0.560754 0.063196 -0.205048 0.402429 0.892192
-3.526711 4.854102 -100.000000 0.233133 0.699402 -0.525732 0.723607 -0.447213 0.788422 0.611880 0.063195 0.319369 -0.319369 -0.892192
-4.854102 3.526712 -100.000000 0.118295 0.724036 -0.000000 0.000000 1.000000 -1.000000 -0.000008 -0.000000 0.000008 -1.000000 0.000000
-4.854102 3.526712 -100.000000 0.219912 0.699402 -0.723607 0.525731 -0.447213 0.611879 0.788423 -0.063196 0.319369 -0.319369 -0.892192
-4.854102 3.526712 -100.000000 0.219912 0.699402 -0.723607 0.525731 -0.447213 0.560753 0.825568 0.063195 0.402429 -0.205048 -0.892192
-5.706339 1.854102 -100.000000 0.126783 0.740696 -0.000000 0.000000 1.000000 -1.000000 0.000002 -0.000000 -0.000002 -1.000000 -0.000000
-5.706339 1.854102 -100.000000 0.126783 0.740696 -0.000000 0.000000 1.000000 -1.000000 -0.000008 -0.000000 0.000008 -1.000000 0.000000
-5.706339 1.854102 -100.000000 0.203252 0.699402 -0.850651 0.276393 -0.447214 0.338296 0.938915 -0.063195 0.402429 -0.205048 -0.892192
-5.706339 1.854102 -100.000000 0.203252 0.699402 -0.850651 0.276393 -0.447214 0.278194 0.958444 0.063196 0.446096 -0.070655 -0.892192
-6.000000 -0.000000 -100.000000 0.129708 0.759163 -0.000000 0.000000 1.000000 -1.000000 0.000002 -0.000000 -0.000002 -1.000000 -0.000000
-6.000000 -0.000000 -100.000000 0.129708 0.759163 -0.000000 0.000000 1.000000 -1.000000 -0.000000 -0.000000 0.000000 -1.000000 0.000000
-6.000000 -0.000000 -100.000000 0.129708 0.759163 -0.000000 0.000000 1.000000 -1.000000 0.000000 -0.000000 -0.000000 -1.000000 -0.000000
-6.000000 -0.000000 -100.000000 0.129708 0.759163 -0.000000 0.000000 1.000000 -1.000000 -0.000005 -0.000000 0.000005 -1.000000 0.000000
-6.000000 -0.000000 -100.000000 0.129708 0.759163 -0.000000 0.000000 1.000000 -1.000000 0.000000 -0.000000 -0.000000 -1.000000 0.000000
-6.000000 -0.000000 -100.000000 0.129708 0.759163 -0.000000 0.000000 1.000000 -1.000000 0.000000 -0.000000 -0.000000 -1.000000 0.000000
-6.000000 -0.000000 -100.000000 0.129708 0.759163 -0.000000 0.000000 1.000000 -1.000000 -0.000001 -0.000000 0.000001 -1.000000 0.000000
-6.000000 -0.000000 -100.000000 0.129708 0.759163 -0.000000 0.000000 1.000000 -1.000000 -0.000001 -0.000000 0.000001 -1.000000 0.000000
-6.000000 -0.000000 -100.000000 0.129708 0.759163 -0.000000 0.000000 1.000000 -1.000000 0.000002 -0.000000 -0.000002 -1.000000 -0.000000
-6.000000 -0.000000 -100.000000 0.184785 0.699402 -0.894427 0.000001 -0.447214 0.031598 0.997501 -0.063195 0.446096 -0.070655 -0.892192
-6.000000 -0.000000 -100.000000 0.184785 0.699402 -0.894427 0.000001 -0.447214 -0.031597 0.997501 0.063195 0.446096 0.070654 -0.892192
-0.000000 0.000000 -112.000000 0.184785 0.818924 0.000000 0.000000 -1.000000 -0.453991 0.891007 0.000000 0.891007 0.453991 0.000001
-0.000000 0.000000 -112.000000 0.184785 0.818924 0.000000 0.000000 -1.000000 -0.707107 0.707107 -0.000000 0.707107 0.707107 0.000001
-0.000000 0.000000 -112.000000 0.364382 0.818924 0.000000 0.000000 -1.000000 -0.891007 0.453990 -0.000000 0.453990 0.891007 0.000001
-0.000000 0.000000 -112.000000 0.364382 0.818924 0.000000 0.000000 -1.000000 -0.987688 0.156434 -0.000000 0.156434 0.987688 0.000000
-0.000000 0.000000 -112.000000 0.364382 0.818924 0.000000 0.000000 -1.000000 -0.987688 -0.156435 -0.000001 -0.156435 0.987688 0.000000
-0.000000 0.000000 -112.000000 0.364382 0.818924 0.000000 0.000000 -1.000000 -0.891006 -0.453991 -0.000001 -0.453991 0.891006 0.000000
-0.000000 0.000000 -112.000000 0.364382 0.818924 0.000000 0.000000 -1.000000 -0.707107 -0.707107 -0.000001 -0.707107 0.707107 -0.000000
-0.000000 0.000000 -112.000000 0.357789 0.452705 0.000000 0.000000 -1.000000 0.453990 0.891007 0.000001 0.891007 -0.453990 0.000000
-0.000000 0.000000 -112.000000 0.357789 0.452705 0.000000 0.000000 -1.000000 0.156434 0.987688 0.000000 0.987688 -0.156434 0.000000
-0.000000 0.000000 -112.000000 0.357789 0.452705 0.000000 0.000000 -1.000000 -0.156434 0.987688 0.000000 0.987688 0.156434 0.000001
-0.000000 0.000000 -112.000000 0.357789 0.452705 0.000000 0.000000 -1.000000 -0.453991 0.891006 0.000000 0.891006 0.453991 0.000001
-0.000000 0.000000 -112.000000 0.357789 0.452705 0.000000 0.000000 -1.000000 -0.707107 0.707107 -0.000000 0.707107 0.707107 0.000001
-0.000000 0.000000 -112.000000 0.274699 0.699402 0.000000 0.000000 -1.000000 -0.891007 0.453990 -0.000000 0.453990 0.891007 0.000001
-0.000000 0.000000 -112.000000 0.274699 0.699402 0.000000 0.000000 -1.000000 -0.987688 0.156435 -0.000000 0.156435 0.987688 0.000000
-0.000000 0.000000 -112.000000 0.274699 0.699402 0.000000 0.000000 -1.000000 -0.987688 -0.156435 -0.000001 -0.156435 0.987688 0.000000
-0.000000 0.000000 -112.000000 0.274699 0.699402 0.000000 0.000000 -1.000000 -0.891006 -0.453991 -0.000001 -0.453991 0.891006 0.000000
-0.000000 0.000000 -112.000000 0.184785 0.818924 0.000000 0.000000 -1.000000 0.707107 0.707107 0.000001 0.707107 -0.707107 0.000000
-0.000000 0.000000 -112.000000 0.184785 0.818924 0.000000 0.000000 -1.000000 0.453990 0.891007 0.000001 0.891007 -0.453990 0.000000
-0.000000 0.000000 -112.000000 0.184785 0.818924 0.000000 0.000000 -1.000000 0.156434 0.987688 0.000000 0.987688 -0.156434 0.000000
-0.000000 0.000000 -112.000000 0.184785 0.818924 0.000000 0.000000 -1.000000 -0.156433 0.987689 0.000000 0.987689 0.156433 0.000001
-100.000000 2.500000 0.000000 0.555342 0.449730 -0.000000 0.923880 -0.382683 -0.000000 -0.382683 -0.923880 -1.000000 -0.000000 0.000000
-100.000000 2.500000 0.000000 0.555342 0.449730 -0.000000 0.923880 -0.382683 -0.000000 -0.382683 -0.923880 -1.000000 -0.000000 0.000000
-100.000000 2.500000 0.000000 0.555342 0.449730 0.000000 0.923880 0.382683 -0.000000 0.382683 -0.923880 -1.000000 0.000000 0.000000
-100.000000 2.500000 0.000000 0.594060 0.190951 -1.000000 0.000000 0.000000 0.000000 1.000000 -0.000000 -0.000000 -0.000000 -1.000000
-100.000000 2.500000 0.000000 0.594060 0.190951 -1.000000 0.000000 0.000000 0.000000 1.000000 -0.000000 -0.000000 -0.000000 -1.000000
-100.000000 1.767767 1.767767 0.550898 0.449730 0.000000 0.923880 0.382683 -0.000000 0.382683 -0.923880 -1.000000 0.000000 0.000000
-100.000000 1.767767 1.767767 0.550898 0.449730 0.000000 0.923880 0.382683 -0.000000 0.382683 -0.923880 -1.000000 0.000000 0.000000
-100.000000 1.767767 1.767767 0.570689 0.449730 0.000000 0.382683 0.923880 0.000000 0.923880 -0.382683 -1.000000 0.000000 0.000000
-100.000000 1.767767 1.767767 0.592219 0.186508 -1.000000 0.000000 0.000000 0.000000 1.000000 -0.000000 -0.000000 -0.000000 -1.000000
-100.000000 1.767767 1.767767 0.592219 0.186508 -1.000000 0.000000 0.000000 0.000000 1.000000 0.000007 -0.000000 0.000007 -1.000000
-100.000000 0.000000 2.500000 0.566246 0.449730 0.000000 0.382683 0.923880 -0.000000 0.923880 -0.382683 -1.000000 0.000000 0.000000
-100.000000 0.000000 2.500000 0.566246 0.449730 0.000000 0.382683 0.923880 0.000000 0.923880 -0.382683 -1.000000 0.000000 0.000000
-100.000000 0.000000 2.500000 0.566246 0.449730 0.000000 -0.382683 0.923880 -0.000000 0.923880 0.382683 -1.000000 -0.000000 0.000000
-100.000000 0.000000 2.500000 0.587776 0.184667 -1.000000 0.000003 0.000000 0.000003 1.000000 0.000007 0.000000 0.000007 -1.000000
-100.000000 0.000000 2.500000 0.587776 0.184667 -1.000000 0.000003 0.000000 0.000003 1.000000 -0.000007 -0.000000 -0.000007 -1.000000
-100.000000 -1.767767 1.767767 0.561802 0.449730 0.000000 -0.382683 0.923880 0.000000 0.923880 0.382683 -1.000000 0.000000 0.000000
-100.000000 -1.767767 1.767767 0.561802 0.449730 0.000000 -0.382683 0.923880 -0.000000 0.923880 0.382683 -1.000000 -0.000000 0.000000
-100.000000 -1.767767 1.767767 0.581593 0.449730 0.000000 -0.923880 0.382683 0.000000 0.382683 0.923880 -1.000000 -0.000000 0.000000
-100.000000 -1.767767 1.767767 0.583332 0.186508 -1.000000 0.000003 0.000000 0.000003 1.000000 -0.000007 -0.000000 -0.000007 -1.000000
-100.000000 -1.767767 1.767767 0.583332 0.186508 -1.000000 0.000003 0.000000 0.000003 1.000000 -0.000000 -0.000000 0.000000 -1.000000
-100.000000 -2.500000 0.000000 0.577149 0.449730 0.000000 -0.923880 0.382683 0.000000 0.382683 0.923880 -1.000000 -0.000000 0.000000
-100.000000 -2.500000 0.000000 0.577149 0.449730 0.000000 -0.923880 0.382683 0.000000 0.382683 0.923880 -1.000000 -0.000000 0.000000
-100.000000 -2.500000 0.000000 0.577149 0.449730 -0.000000 -0.923879 -0.382684 0.000000 -0.382684 0.923880 -1.000000 0.000000 0.000000
-100.000000 -2.500000 0.000000 0.581491 0.190951 -1.000000 0.000000 0.000000 0.000000 1.000000 -0.000000 -0.000000 -0.000000 -1.000000
-100.000000 -2.500000 0.000000 0.581491 0.190951 -1.000000 0.000000 0.000000 0.000000 1.000000 -0.000000 -0.000000 -0.000000 -1.000000
0.000000 -0.000000 -0.000000 0.747837 0.442663 1.000000 0.000000 -0.000000 0.000000 0.000000 1.000000 0.000000 -1.000000 0.000000
0.000000 -0.000000 -0.000000 0.747837 0.442663 1.000000 0.000000 -0.000000 0.000000 0.000000 1.000000 0.000000 -1.000000 0.000000
0.000000 -0.000000 -0.000000 0.747837 0.442663 1.000000 0.000000 -0.000000 0.000000 -0.000009 1.000000 -0.000000 -1.000000 -0.000009
0.000000 -0.000000 -0.000000 0.747837 0.442663 1.000000 0.000000 -0.000000 0.000000 0.000009 1.000000 0.000000 -1.000000 0.000009
0.000000 -0.000000 -0.000000 0.747837 0.442663 1.000000 0.000000 -0.000000 0.000000 0.000000 1.000000 0.000000 -1.000000 0.000000
0.000000 -0.000000 -0.000000 0.747837 0.442663 1.000000 0.000000 -0.000000 0.000000 0.000000 1.000000 0.000000 -1.000000 0.000000
0.000000 -0.000000 -0.000000 0.747837 0.442663 1.000000 0.000000 -0.000000 0.000000 -0.000005 1.000000 -0.000000 -1.000000 -0.000005
0.000000 -0.000000 -0.000000 0.747837 0.442663 1.000000 0.000000 -0.000000 0.000000 0.000005 1.000000 0.000000 -1.000000 0.000005
-100.000000 0.000000 0.000000 0.587776 0.190951 -1.000000 0.000001 0.000000 0.000001 1.000000 0.000007 0.000000 0.000007 -1.000000
-100.000000 0.000000 0.000000 0.587776 0.190951 -1.000000 0.000001 0.000000 0.000001 1.000000 -0.000007 -0.000000 -0.000007 -1.000000
-100.000000 0.000000 0.000000 0.587776 0.190951 -1.000000 0.000001 0.000000 0.000001 1.000000 -0.000000 -0.000000 -0.000000 -1.000000
-100.000000 0.000000 0.000000 0.587776 0.190951 -1.000000 0.000001 0.000000 0.000001 1.000000 -0.000000 -0.000000 -0.000000 -1.000000
-100.000000 0.000000 0.000000 0.587776 0.190951 -1.000000 0.000001 0.000000 0.000001 1.000000 0.000007 0.000000 0.000007 -1.000000
-100.000000 0.000000 0.000000 0.587776 0.190951 -1.000000 0.000001 0.000000 0.000001 1.000000 -0.000007 -0.000000 -0.000007 -1.000000
-100.000000 0.000000 0.000000 0.587776 0.190951 -1.000000 0.000001 0.000000 0.000001 1.000000 -0.000000 -0.000000 0.000000 -1.000000
-100.000000 0.000000 0.000000 0.587776 0.190951 -1.000000 0.000001 0.000000 0.000001 1.000000 -0.000000 -0.000000 0.000000 -1.000000
-100.000000 -5.706343 -1.854103 0.681262 0.448991 1.000000 -0.000000 -0.000000 0.000000 0.000001 1.000000 -0.000000 -1.000000 0.000001
-100.000000 -5.706343 -1.854103 0.774880 0.419564 -0.447214 -0.850651 -0.276392 0.063196 -0.338295 0.938916 -0.892192 0.402429 0.205048
-100.000000 -5.706343 -1.854103 0.774880 0.419564 -0.447214 -0.850651 -0.276392 -0.063196 -0.278192 0.958444 -0.892192 0.446096 0.070654
-100.000000 -4.854105 -3.526714 0.677057 0.446849 1.000000 -0.000000 -0.000000 0.000000 0.000001 1.000000 -0.000000 -1.000000 0.000001
-100.000000 -4.854105 -3.526714 0.677057 0.446849 1.000000 -0.000000 -0.000000 0.000000 0.000005 1.000000 -0.000000 -1.000000 0.000005
-100.000000 -4.854105 -3.526714 0.770675 0.419564 -0.447213 -0.723607 -0.525730 -0.063195 -0.560753 0.825568 -0.892192 0.402429 0.205048
-100.000000 -4.854105 -3.526714 0.770675 0.419564 -0.447213 -0.723607 -0.525730 0.063196 -0.611879 0.788423 -0.892192 0.319369 0.319369
-0.000000 -0.000000 -2.500000 0.544383 0.198352 -0.000000 -0.382683 -0.923880 0.000000 -0.923880 0.382683 -1.000000 0.000000 0.000000
-0.000000 -0.000000 -2.500000 0.740771 0.442663 1.000000 0.000000 -0.000000 0.000000 0.000000 1.000000 0.000000 -1.000000 0.000000
-0.000000 -0.000000 -2.500000 0.544383 0.198352 -0.000000 -0.382683 -0.923880 0.000000 -0.923880 0.382683 -1.000000 0.000000 0.000000
-0.000000 -0.000000 -2.500000 0.740771 0.442663 1.000000 0.000000 -0.000000 0.000000 0.000000 1.000000 0.000000 -1.000000 0.000000
-0.000000 -0.000000 -2.500000 0.544383 0.198352 -0.000000 0.382683 -0.923880 -0.000000 -0.923880 -0.382683 -1.000000 0.000000 0.000000
-100.000000 -3.526714 -4.854105 0.673720 0.443512 1.000000 -0.000000 -0.000000 0.000000 0.000008 1.000000 -0.000000 -1.000000 0.000008
-100.000000 -3.526714 -4.854105 0.673720 0.443512 1.000000 -0.000000 -0.000000 0.000000 0.000005 1.000000 -0.000000 -1.000000 0.000005
-100.000000 -3.526714 -4.854105 0.767339 0.419564 -0.447214 -0.525731 -0.723607 -0.063195 -0.788422 0.611880 -0.892192 0.319369 0.319370
-100.000000 -3.526714 -4.854105 0.814575 0.419564 -0.447214 -0.525731 -0.723607 0.063196 -0.825568 0.560753 -0.892192 0.205048 0.402429
-100.000000 -1.854103 -5.706342 0.671578 0.439308 1.000000 -0.000000 -0.000000 0.000000 0.000019 1.000000 -0.000000 -1.000000 0.000019
-100.000000 -1.854103 -5.706342 0.671578 0.439308 1.000000 -0.000000 -0.000000 0.000000 0.000008 1.000000 -0.000000 -1.000000 0.000008
-100.000000 -1.854103 -5.706342 0.810371 0.419564 -0.447214 -0.276392 -0.850651 -0.063196 -0.938916 0.338295 -0.892192 0.205048 0.402429
-100.000000 -1.854103 -5.706342 0.810371 0.419564 -0.447214 -0.276392 -0.850651 0.063195 -0.958444 0.278193 -0.892192 0.070655 0.446096
-100.000000 -0.000000 -6.000003 0.670840 0.434647 1.000000 -0.000000 -0.000000 -0.000000 -0.000001 1.000000 -0.000000 -1.000000 -0.000001
-100.000000 -0.000000 -6.000003 0.670840 0.434647 1.000000 -0.000000 -0.000000 -0.000000 -0.000012 1.000000 -0.000000 -1.000000 -0.000012
-100.000000 -0.000000 -6.000003 0.670840 0.434647 1.000000 -0.000000 -0.000000 0.000000 0.000019 1.000000 -0.000000 -1.000000 0.000019
-100.000000 -0.000000 -6.000003 0.805710 0.419564 -0.447214 -0.000000 -0.894427 -0.063195 -0.997501 0.031598 -0.892192 0.070655 0.446096
-100.000000 -0.000000 -6.000003 0.805710 0.419564 -0.447214 -0.000000 -0.894427 0.063195 -0.997501 -0.031598 -0.892192 -0.070655 0.446096
-100.000000 1.854103 -5.706342 0.671578 0.429986 1.000000 -0.000000 -0.000000 -0.000000 -0.000013 1.000000 -0.000000 -1.000000 -0.000013
-100.000000 1.854103 -5.706342 0.671578 0.429986 1.000000 -0.000000 -0.000000 -0.000000 -0.000012 1.000000 -0.000000 -1.000000 -0.000012
-100.000000 1.854103 -5.706342 0.801049 0.419564 -0.447214 0.276394 -0.850650 -0.063196 -0.958444 -0.278195 -0.892192 -0.070655 0.446096
-100.000000 1.854103 -5.706342 0.801049 0.419564 -0.447214 0.276394 -0.850650 0.063195 -0.938915 -0.338297 -0.892192 -0.205048 0.402429
-100.000000 3.526713 -4.854104 0.673720 0.425782 1.000000 -0.000000 -0.000000 -0.000000 -0.000013 1.000000 -0.000000 -1.000000 -0.000013
-100.000000 3.526713 -4.854104 0.796845 0.419564 -0.447213 0.525733 -0.723606 -0.063196 -0.825567 -0.560755 -0.892192 -0.205048 0.402429
-100.000000 3.526713 -4.854104 0.796845 0.419564 -0.447213 0.525733 -0.723606 0.063195 -0.788422 -0.611881 -0.892192 -0.319369 0.319369
-100.000000 4.854104 -3.526712 0.677057 0.422445 1.000000 -0.000000 -0.000000 -0.000000 -0.000001 1.000000 -0.000000 -1.000000 -0.000001
-100.000000 4.854104 -3.526712 0.677057 0.422445 1.000000 -0.000000 -0.000000 0.000000 0.000002 1.000000 -0.000000 -1.000000 0.000002
-100.000000 4.854104 -3.526712 0.677057 0.422445 1.000000 -0.000000 -0.000000 -0.000000 -0.000005 1.000000 -0.000000 -1.000000 -0.000005
-100.000000 4.854104 -3.526712 0.677057 0.422445 1.000000 -0.000000 -0.000000 -0.000000 -0.000013 1.000000 -0.000000 -1.000000 -0.000013
-100.000000 4.854104 -3.526712 0.677057 0.422445 1.000000 -0.000000 -0.000000 -0.000000 -0.000012 1.000000 -0.000000 -1.000000 -0.000012
-100.000000 4.854104 -3.526712 0.793508 0.419564 -0.447213 0.723607 -0.525731 -0.063196 -0.611879 -0.788423 -0.892192 -0.319369 0.319369
-100.000000 4.854104 -3.526712 0.818560 0.388283 -0.447213 0.723607 -0.525731 0.063195 -0.560753 -0.825568 -0.892192 -0.402429 0.205048
-100.000000 5.706341 -1.854102 0.681262 0.420303 1.000000 -0.000000 -0.000000 -0.000000 -0.000005 1.000000 -0.000000 -1.000000 -0.000005
-100.000000 5.706341 -1.854102 0.814356 0.388283 -0.447213 0.850651 -0.276393 -0.063196 -0.338296 -0.938916 -0.892192 -0.402429 0.205048
-100.000000 5.706341 -1.854102 0.814356 0.388283 -0.447213 0.850651 -0.276393 0.063195 -0.278193 -0.958444 -0.892192 -0.446096 0.070655
-100.000000 6.000001 0.000000 0.685923 0.419564 1.000000 -0.000000 -0.000000 -0.000000 -0.000006 1.000000 -0.000000 -1.000000 -0.000006
-100.000000 6.000001 0.000000 0.685923 0.419564 1.000000 -0.000000 -0.000000 0.000000 0.000005 1.000000 -0.000000 -1.000000 0.000005
-100.000000 6.000001 0.000000 0.685923 0.419564 1.000000 -0.000000 -0.000000 0.000000 0.000001 1.000000 -0.000000 -1.000000 0.000001
-100.000000 6.000001 0.000000 0.685923 0.419564 1.000000 -0.000000 -0.000000 0.000000 0.000002 1.000000 -0.000000 -1.000000 0.000002
-100.000000 6.000001 0.000000 0.685923 0.419564 1.000000 -0.000000 -0.000000 -0.000000 -0.000005 1.000000 -0.000000 -1.000000 -0.000005
-100.000000 6.000001 0.000000 0.809695 0.388283 -0.447214 0.894427 0.000000 -0.063195 -0.031598 -0.997501 -0.892192 -0.446096 0.070655
-100.000000 6.000001 0.000000 0.809695 0.388283 -0.447214 0.894427 0.000000 0.063195 0.031598 -0.997501 -0.892192 -0.446096 -0.070655
-100.000000 5.706341 1.854102 0.690583 0.420303 1.000000 -0.000000 -0.000000 0.000000 0.000005 1.000000 -0.000000 -1.000000 0.000005
-100.000000 5.706341 1.854102 0.805034 0.388283 -0.447214 0.850651 0.276393 -0.063196 0.278194 -0.958444 -0.892192 -0.446096 -0.070655
-100.000000 5.706341 1.854102 0.805034 0.388283 -0.447214 0.850651 0.276393 0.063195 0.338296 -0.938915 -0.892192 -0.402429 -0.205048
-100.000000 4.854103 3.526712 0.694788 0.422445 1.000000 -0.000000 -0.000000 -0.000000 -0.000006 1.000000 -0.000000 -1.000000 -0.000006
-100.000000 4.854103 3.526712 0.694788 0.422445 1.000000 -0.000000 -0.000000 0.000000 0.000005 1.000000 -0.000000 -1.000000 0.000005
-100.000000 4.854103 3.526712 0.800830 0.388283 -0.447214 0.723606 0.525732 -0.063196 0.560754 -0.825567 -0.892192 -0.402429 -0.205048
-100.000000 4.854103 3.526712 0.800830 0.388283 -0.447214 0.723606 0.525732 0.063208 0.611885 -0.788417 -0.892191 -0.319361 -0.319381
-0.000000 1.767767 -1.767767 0.539940 0.198352 -0.000000 0.382683 -0.923880 0.000000 -0.923880 -0.382683 -1.000000 -0.000000 0.000000
-0.000000 1.767767 -1.767767 0.559785 0.198352 -0.000000 0.923880 -0.382683 -0.000000 -0.382683 -0.923880 -1.000000 -0.000000 0.000000
-0.000000 1.767767 -1.767767 0.559785 0.198352 -0.000000 0.923880 -0.382683 -0.000000 -0.382683 -0.923880 -1.000000 -0.000000 0.000000
-0.000000 1.767767 -1.767767 0.742841 0.437666 1.000000 0.000000 -0.000000 0.000000 0.000000 1.000000 0.000000 -1.000000 0.000000
-0.000000 1.767767 -1.767767 0.742841 0.437666 1.000000 0.000000 -0.000000 0.000000 -0.000009 1.000000 -0.000000 -1.000000 -0.000009
-0.000000 1.767767 -1.767767 0.539940 0.198352 -0.000000 0.382683 -0.923880 -0.000000 -0.923880 -0.382683 -1.000000 0.000000 0.000000
-100.000000 3.526712 4.854103 0.698125 0.425782 1.000000 -0.000000 -0.000000 -0.000000 -0.000001 1.000000 -0.000000 -1.000000 -0.000001
-100.000000 3.526712 4.854103 0.698125 0.425782 1.000000 -0.000000 -0.000000 -0.000000 -0.000006 1.000000 -0.000000 -1.000000 -0.000006
-100.000000 3.526712 4.854103 0.698125 0.425782 1.000000 -0.000000 -0.000000 0.000000 0.000004 1.000000 -0.000000 -1.000000 0.000004
-100.000000 3.526712 4.854103 0.698125 0.425782 1.000000 -0.000000 -0.000000 0.000000 0.000001 1.000000 -0.000000 -1.000000 0.000001
-100.000000 3.526712 4.854103 0.796635 0.388283 -0.447213 0.525732 0.723606 -0.063182 0.788427 -0.611875 -0.892193 -0.319358 -0.319378
-100.000000 3.526712 4.854103 0.796635 0.388283 -0.447213 0.525732 0.723606 0.063196 0.825567 -0.560754 -0.892192 -0.205048 -0.402429
-100.000000 1.854102 5.706340 0.700267 0.429986 1.000000 -0.000000 -0.000000 -0.000000 -0.000048 1.000000 -0.000000 -1.000000 -0.000048
-100.000000 1.854102 5.706340 0.700267 0.429986 1.000000 -0.000000 -0.000000 0.000000 0.000040 1.000000 -0.000000 -1.000000 0.000040
-100.000000 1.854102 5.706340 0.700267 0.429986 1.000000 -0.000000 -0.000000 0.000000 0.000004 1.000000 -0.000000 -1.000000 0.000004
-100.000000 1.854102 5.706340 0.791572 0.388283 -0.447213 0.276397 0.850650 -0.063194 0.938915 -0.338299 -0.892192 -0.205047 -0.402428
-100.000000 1.854102 5.706340 0.791572 0.388283 -0.447213 0.276397 0.850650 0.063197 0.958443 -0.278197 -0.892192 -0.070655 -0.446096
-100.000000 0.000000 6.000001 0.701005 0.434647 1.000000 -0.000000 -0.000000 0.000000 0.000040 1.000000 -0.000000 -1.000000 0.000040
-100.000000 0.000000 6.000001 0.786911 0.388283 -0.447214 -0.000000 0.894427 -0.063195 0.997501 -0.031598 -0.892192 -0.070655 -0.446096
-100.000000 0.000000 6.000001 0.786911 0.388283 -0.447214 -0.000000 0.894427 0.063195 0.997501 0.031598 -0.892192 0.070655 -0.446096
-100.000000 -1.854102 5.706340 0.700267 0.439308 1.000000 -0.000000 -0.000000 -0.000000 -0.000048 1.000000 -0.000000 -1.000000 -0.000048
-100.000000 -1.854102 5.706340 0.700267 0.439308 1.000000 -0.000000 -0.000000 0.000000 0.000040 1.000000 -0.000000 -1.000000 0.000040
-100.000000 -1.854102 5.706340 0.782251 0.388283 -0.447214 -0.276395 0.850650 -0.063196 0.958444 0.278195 -0.892192 0.070655 -0.446096
-100.000000 -1.854102 5.706340 0.782251 0.388283 -0.447214 -0.276395 0.850650 0.063195 0.938915 0.338297 -0.892192 0.205048 -0.402429
-100.000000 -3.526711 4.854102 0.698125 0.443512 1.000000 -0.000000 -0.000000 -0.000000 -0.000029 1.000000 -0.000000 -1.000000 -0.000029
-100.000000 -3.526711 4.854102 0.698125 0.443512 1.000000 -0.000000 -0.000000 -0.000000 -0.000048 1.000000 -0.000000 -1.000000 -0.000048
-100.000000 -3.526711 4.854102 0.698125 0.443512 1.000000 -0.000000 -0.000000 0.000000 0.000004 1.000000 -0.000000 -1.000000 0.000004
-100.000000 -3.526711 4.854102 0.778046 0.388283 -0.447213 -0.525732 0.723607 -0.063196 0.825567 0.560754 -0.892192 0.205048 -0.402429
-100.000000 -3.526711 4.854102 0.791743 0.419564 -0.447213 -0.525732 0.723607 0.063195 0.788422 0.611880 -0.892192 0.319369 -0.319369
-100.000000 -3.526711 4.854102 0.698125 0.443512 1.000000 -0.000000 -0.000000 -0.000000 -0.000002 1.000000 -0.000000 -1.000000 -0.000002
-100.000000 -3.526711 4.854102 0.698125 0.443512 1.000000 -0.000000 -0.000000 -0.000000 -0.000001 1.000000 -0.000000 -1.000000 -0.000001
-100.000000 -4.854102 3.526712 0.694788 0.446849 1.000000 -0.000000 -0.000000 -0.000000 -0.000029 1.000000 -0.000000 -1.000000 -0.000029
-100.000000 -4.854102 3.526712 0.788406 0.419564 -0.447213 -0.723607 0.525731 -0.063196 0.611879 0.788423 -0.892192 0.319369 -0.319369
-100.000000 -4.854102 3.526712 0.788406 0.419564 -0.447213 -0.723607 0.525731 0.063195 0.560753 0.825568 -0.892192 0.402429 -0.205048
-100.000000 -5.706339 1.854102 0.690583 0.448991 1.000000 -0.000000 -0.000000 -0.000000 -0.000029 1.000000 -0.000000 -1.000000 -0.000029
-100.000000 -5.706339 1.854102 0.784202 0.419564 -0.447214 -0.850651 0.276393 -0.063195 0.338296 0.938915 -0.892192 0.402429 -0.205048
-100.000000 -5.706339 1.854102 0.784202 0.419564 -0.447214 -0.850651 0.276393 0.063196 0.278194 0.958444 -0.892192 0.446096 -0.070655
-100.000000 -5.706339 1.854102 0.690583 0.448991 1.000000 -0.000000 -0.000000 -0.000000 -0.000002 1.000000 -0.000000 -1.000000 -0.000002
-100.000000 -6.000000 0.000000 0.685923 0.449730 1.000000 -0.000000 -0.000000 -0.000000 -0.000001 1.000000 -0.000000 -1.000000 -0.000001
-100.000000 -6.000000 0.000000 0.685923 0.449730 1.000000 -0.000000 -0.000000 -0.000000 -0.000001 1.000000 -0.000000 -1.000000 -0.000001
-100.000000 -6.000000 0.000000 0.685923 0.449730 1.000000 -0.000000 -0.000000 0.000000 0.000001 1.000000 -0.000000 -1.000000 0.000001
-100.000000 -6.000000 0.000000 0.685923 0.449730 1.000000 -0.000000 -0.000000 0.000000 0.000001 1.000000 -0.000000 -1.000000 0.000001
-100.000000 -6.000000 0.000000 0.685923 0.449730 1.000000 -0.000000 -0.000000 0.000000 0.000002 1.000000 -0.000000 -1.000000 0.000002
-100.000000 -6.000000 0.000000 0.685923 0.449730 1.000000 -0.000000 -0.000000 0.000000 0.000019 1.000000 -0.000000 -1.000000 0.000019
-100.000000 -6.000000 0.000000 0.685923 0.449730 1.000000 -0.000000 -0.000000 0.000000 0.000008 1.000000 -0.000000 -1.000000 0.000008
-100.000000 -6.000000 0.000000 0.685923 0.449730 1.000000 -0.000000 -0.000000 0.000000 0.000005 1.000000 -0.000000 -1.000000 0.000005
-100.000000 -6.000000 0.000000 0.779541 0.419564 -0.447214 -0.894427 0.000001 -0.063195 0.031598 0.997501 -0.892192 0.446096 -0.070655
-100.000000 -6.000000 0.000000 0.779541 0.419564 -0.447214 -0.894427 0.000001 0.063195 -0.031597 0.997501 -0.892192 0.446096 0.070654
-100.000000 -6.000000 0.000000 0.685923 0.449730 1.000000 -0.000000 -0.000000 -0.000000 -0.000002 1.000000 -0.000000 -1.000000 -0.000002
-112.000000 0.000000 0.000000 0.779541 0.449730 -1.000000 0.000000 0.000000 0.000000 -0.453991 0.891007 0.000001 0.891007 0.453991
-112.000000 0.000000 0.000000 0.779541 0.449730 -1.000000 0.000000 0.000000 -0.000000 -0.707107 0.707107 0.000001 0.707107 0.707107
-112.000000 0.000000 0.000000 0.805710 0.449730 -1.000000 0.000000 0.000000 -0.000000 -0.891007 0.453990 0.000001 0.453990 0.891007
-112.000000 0.000000 0.000000 0.805710 0.449730 -1.000000 0.000000 0.000000 -0.000000 -0.987688 0.156434 0.000000 0.156434 0.987688
-112.000000 0.000000 0.000000 0.805710 0.449730 -1.000000 0.000000 0.000000 -0.000001 -0.987688 -0.156434 0.000000 -0.156434 0.987688
-112.000000 0.000000 0.000000 0.805710 0.449730 -1.000000 0.000000 0.000000 -0.000001 -0.891006 -0.453991 0.000000 -0.453991 0.891006
-112.000000 0.000000 0.000000 0.805710 0.449730 -1.000000 0.000000 0.000000 -0.000001 -0.707107 -0.707107 -0.000000 -0.707107 0.707107
-112.000000 0.000000 0.000000 0.809695 0.418448 -1.000000 0.000000 0.000000 -0.000001 -0.453990 -0.891007 -0.000000 -0.891007 0.453990
-112.000000 0.000000 0.000000 0.809695 0.418448 -1.000000 0.000000 0.000000 -0.000000 -0.156434 -0.987688 -0.000000 -0.987688 0.156434
-112.000000 0.000000 0.000000 0.809695 0.418448 -1.000000 0.000000 0.000000 -0.000000 0.156434 -0.987688 -0.000001 -0.987688 -0.156434
-112.000000 0.000000 0.000000 0.809695 0.418448 -1.000000 0.000000 0.000000 -0.000000 0.453991 -0.891006 -0.000001 -0.891006 -0.453991
-112.000000 0.000000 0.000000 0.809695 0.418448 -1.000000 0.000000 0.000000 0.000000 0.707111 -0.707102 -0.000001 -0.707102 -0.707111
-112.000000 0.000000 0.000000 0.786911 0.418448 -1.000000 0.000000 0.000000 0.000000 0.891007 -0.453990 -0.000001 -0.453990 -0.891007
-112.000000 0.000000 0.000000 0.786911 0.418448 -1.000000 0.000000 0.000000 0.000000 0.987688 -0.156435 -0.000000 -0.156435 -0.987688
-112.000000 0.000000 0.000000 0.786911 0.418448 -1.000000 0.000000 0.000000 0.000001 0.987688 0.156435 -0.000000 0.156435 -0.987688
-112.000000 0.000000 0.000000 0.786911 0.418448 -1.000000 0.000000 0.000000 0.000001 0.891006 0.453991 -0.000000 0.453991 -0.891006
-112.000000 0.000000 0.000000 0.779541 0.449730 -1.000000 0.000000 0.000000 0.000001 0.707107 0.707107 0.000000 0.707107 -0.707107
-112.000000 0.000000 0.000000 0.779541 0.449730 -1.000000 0.000000 0.000000 0.000001 0.453990 0.891007 0.000000 0.891007 -0.453990
-112.000000 0.000000 0.000000 0.779541 0.449730 -1.000000 0.000000 0.000000 0.000000 0.156434 0.987688 0.000000 0.987688 -0.156434
-112.000000 0.000000 0.000000 0.779541 0.449730 -1.000000 0.000000 0.000000 0.000000 -0.156433 0.987689 0.000001 0.987689 0.156433
1.767767 100.000000 -1.767767 0.690327 0.697252 0.382683 0.000000 -0.923880 -0.923880 0.000000 -0.382683 -0.000000 1.000000 0.000000
1.767767 100.000000 -1.767767 0.691494 0.688280 0.923880 0.000000 -0.382683 0.382683 0.000000 0.923880 0.000000 -1.000000 0.000000
1.767767 100.000000 -1.767767 0.655386 0.645303 0.000000 1.000000 -0.000000 -1.000000 0.000000 0.000002 0.000002 -0.000000 1.000000
1.767767 100.000000 -1.767767 0.655386 0.645303 0.000000 1.000000 -0.000000 -1.000000 0.000000 -0.000000 -0.000000 0.000000 1.000000
0.000000 2.500000 -0.000000 0.555342 0.198352 -0.000000 0.923880 -0.382683 -0.000000 -0.382683 -0.923880 -1.000000 -0.000000 0.000000
0.000000 2.500000 -0.000000 0.555342 0.198352 0.000000 0.923880 0.382683 -0.000000 0.382683 -0.923880 -1.000000 0.000000 0.000000
0.000000 2.500000 -0.000000 0.555342 0.198352 0.000000 0.923880 0.382683 -0.000000 0.382683 -0.923880 -1.000000 0.000000 0.000000
0.000000 2.500000 -0.000000 0.747837 0.435597 1.000000 0.000000 -0.000000 0.000000 -0.000009 1.000000 -0.000000 -1.000000 -0.000009
0.000000 2.500000 -0.000000 0.747837 0.435597 1.000000 0.000000 -0.000000 0.000000 0.000009 1.000000 0.000000 -1.000000 0.000009
0.000000 100.000000 -2.500000 0.690485 0.697252 0.382683 0.000000 -0.923880 -0.923880 0.000000 -0.382683 -0.000000 1.000000 0.000000
0.000000 100.000000 -2.500000 0.690485 0.697252 0.382683 0.000000 -0.923880 -0.923880 0.000000 -0.382683 -0.000000 1.000000 0.000000
0.000000 100.000000 -2.500000 0.690485 0.697252 -0.382683 0.000000 -0.923880 -0.923880 0.000000 0.382683 0.000000 1.000000 0.000000
0.000000 100.000000 -2.500000 0.656508 0.644838 0.000000 1.000000 -0.000000 -1.000000 0.000000 0.000002 0.000002 -0.000000 1.000000
0.000000 100.000000 -2.500000 0.656508 0.644838 0.000000 1.000000 -0.000000 -1.000000 0.000000 -0.000002 -0.000002 0.000000 1.000000
-1.767767 100.000000 -1.767767 0.690644 0.697252 -0.382683 0.000000 -0.923880 -0.923880 0.000000 0.382683 0.000000 1.000000 0.000000
-1.767767 100.000000 -1.767767 0.690644 0.697252 -0.382683 0.000000 -0.923880 -0.923880 0.000000 0.382683 0.000000 1.000000 0.000000
-1.767767 100.000000 -1.767767 0.691033 0.688280 -0.923880 0.000000 -0.382683 0.382683 0.000000 -0.923880 -0.000000 -1.000000 -0.000000
-1.767767 100.000000 -1.767767 0.691033 0.688280 -0.923880 0.000000 -0.382683 0.382683 0.000000 -0.923880 -0.000000 -1.000000 -0.000000
-1.767767 100.000000 -1.767767 0.657631 0.645303 0.000000 1.000000 -0.000000 -1.000000 0.000000 -0.000002 -0.000002 0.000000 1.000000
-1.767767 100.000000 -1.767767 0.657631 0.645303 0.000000 1.000000 -0.000000 -1.000000 0.000000 0.000000 0.000000 -0.000000 1.000000
-2.500000 100.000000 0.000000 0.690874 0.688280 -0.923880 0.000000 -0.382683 0.382683 0.000000 -0.923880 -0.000000 -1.000000 -0.000000
-2.500000 100.000000 0.000000 0.690874 0.688280 -0.923880 0.000000 0.382683 0.382683 -0.000000 0.923880 -0.000000 -1.000000 0.000000
-2.500000 100.000000 0.000000 0.690874 0.688280 -0.923880 0.000000 0.382683 0.382683 0.000000 0.923880 -0.000000 -1.000000 0.000000
-2.500000 100.000000 0.000000 0.658096 0.646426 0.000000 1.000000 -0.000000 -1.000000 0.000000 0.000000 0.000000 -0.000000 1.000000
