VertexCount: 21369
TriangleCount: 7123
Vertices
-0.300231 19.595354 1.422356 0.544574 0.539863 -0.518164 -0.206230 0.830046 -0.850171 0.018258 -0.526191 0.093361 -0.978333 -0.184792
-0.300231 19.595354 1.422356 0.544574 0.539863 -0.518164 -0.206230 0.830046 -0.825106 -0.134980 -0.548617 0.225181 -0.969149 -0.100220
-0.300231 19.595354 1.422356 0.544574 0.539863 -0.518164 -0.206230 0.830046 -0.849228 0.008795 -0.527953 0.101580 -0.978464 -0.179694
-0.300231 19.595354 1.422356 0.544574 0.539863 -0.518164 -0.206230 0.830046 -0.848971 0.006345 -0.528402 0.103706 -0.978483 -0.178371
-0.300231 19.595354 1.422356 0.544574 0.539863 -0.518164 -0.206230 0.830046 -0.850343 0.020085 -0.525845 0.091774 -0.978297 -0.185774
-0.300231 19.595354 1.422356 0.544574 0.539863 -0.518164 -0.206230 0.830046 -0.839266 -0.064329 -0.539903 0.164741 -0.976387 -0.139749
-0.300231 19.595354 1.422356 0.544574 0.539863 -0.518164 -0.206230 0.830046 -0.772804 -0.302911 -0.557691 0.366443 -0.930437 -0.002418
-0.300231 19.595354 1.422356 0.544574 0.539863 -0.518164 -0.206230 0.830046 -0.846823 -0.012444 -0.531729 0.119987 -0.978424 -0.168193
-0.300231 19.595354 1.422356 0.544574 0.539863 -0.518164 -0.206230 0.830046 -0.825282 -0.134223 -0.548538 0.224536 -0.969254 -0.100649
-0.300231 19.595354 1.422356 0.544574 0.539863 -0.518164 -0.206230 0.830046 -0.798482 -0.231125 -0.555885 0.306484 -0.950816 -0.044911
-0.300231 19.595354 1.422356 0.544574 0.539863 -0.518164 -0.206230 0.830046 -0.833915 -0.093750 -0.543872 0.189980 -0.974002 -0.123401
-0.300231 19.595354 1.422356 0.544574 0.539863 -0.518164 -0.206230 0.830046 -0.853927 0.070152 -0.515642 0.048112 -0.975985 -0.212456
0.549018 19.777199 1.145967 0.284398 0.483629 0.769067 -0.370599 0.520761 -0.572270 -0.036361 0.819259 -0.284681 -0.928081 -0.240047
0.549018 19.777199 1.145967 0.284398 0.483629 0.769067 -0.370599 0.520761 -0.551242 0.027823 0.833882 -0.323525 -0.928376 -0.182892
0.549018 19.777199 1.145967 0.284398 0.483629 0.769067 -0.370599 0.520761 -0.553896 0.020151 0.832342 -0.318959 -0.928574 -0.189776
0.549018 19.777199 1.145967 0.284398 0.483629 0.769067 -0.370599 0.520761 -0.573263 -0.039612 0.818413 -0.282675 -0.927948 -0.242915
0.315045 19.541399 1.243449 0.347312 0.560327 0.655926 -0.465528 0.594176 -0.685538 -0.037952 0.727047 -0.315910 -0.884219 -0.344031
0.315045 19.541399 1.243449 0.347312 0.560327 0.655926 -0.465528 0.594176 -0.702139 -0.087364 0.706660 -0.277061 -0.880711 -0.384169
0.315045 19.541399 1.243449 0.347312 0.560327 0.655926 -0.465528 0.594176 -0.701681 -0.085911 0.707293 -0.278218 -0.880853 -0.383004
0.315045 19.541399 1.243449 0.347312 0.560327 0.655926 -0.465528 0.594176 -0.685454 -0.037718 0.727138 -0.316092 -0.884229 -0.343838
0.363880 19.646301 1.260536 0.340048 0.526205 0.635497 -0.400587 0.660056 -0.727780 -0.025304 0.685344 -0.257837 -0.915909 -0.307620
0.363880 19.646301 1.260536 0.340048 0.526205 0.635497 -0.400587 0.660056 -0.739389 -0.069535 0.669678 -0.222367 -0.913617 -0.340379
0.363880 19.646301 1.260536 0.340048 0.526205 0.635497 -0.400587 0.660056 -0.727832 -0.025488 0.685282 -0.257691 -0.915904 -0.307757
0.363880 19.646301 1.260536 0.340048 0.526205 0.635497 -0.400587 0.660056 -0.739341 -0.069336 0.669752 -0.222528 -0.913632 -0.340233
0.391026 19.762852 1.288804 0.340050 0.488295 0.469570 -0.183250 0.863669 -0.878589 -0.000486 0.477579 -0.087097 -0.983066 -0.161230
0.391026 19.762852 1.288804 0.340050 0.488295 0.469570 -0.183250 0.863669 -0.876080 0.024606 0.481538 -0.109494 -0.982758 -0.148987
0.391026 19.762852 1.288804 0.340050 0.488295 0.469570 -0.183250 0.863669 -0.876142 0.024044 0.481453 -0.108992 -0.982772 -0.149263
0.391026 19.762852 1.288804 0.340050 0.488295 0.469570 -0.183250 0.863669 -0.878564 -0.000200 0.477625 -0.087352 -0.983066 -0.161091
0.433690 19.475267 1.021507 0.266916 0.581838 0.777695 -0.556274 0.292831 -0.382882 -0.049689 0.922460 -0.498590 -0.829512 -0.251630
0.433690 19.475267 1.021507 0.266916 0.581838 0.777695 -0.556274 0.292831 -0.381686 -0.047701 0.923060 -0.499507 -0.829629 -0.249419
0.433690 19.475267 1.021507 0.266916 0.581838 0.777695 -0.556274 0.292831 -0.324966 0.043012 0.944747 -0.538134 -0.829885 -0.147320
0.433690 19.475267 1.021507 0.266916 0.581838 0.777695 -0.556274 0.292831 -0.321870 0.047777 0.945578 -0.539991 -0.829624 -0.141892
0.330653 19.408693 1.116096 0.312890 0.603493 0.632660 -0.550505 0.544688 -0.590057 0.112872 0.799433 -0.501572 -0.827166 -0.253420
0.330653 19.408693 1.116096 0.312890 0.603493 0.632660 -0.550505 0.544688 -0.632138 0.039211 0.773863 -0.447373 -0.833911 -0.323188
0.330653 19.408693 1.116096 0.312890 0.603493 0.632660 -0.550505 0.544688 -0.632232 0.039035 0.773795 -0.447240 -0.833919 -0.323351
0.330653 19.408693 1.116096 0.312890 0.603493 0.632660 -0.550505 0.544688 -0.588127 0.116046 0.800400 -0.503833 -0.826727 -0.250349
0.330386 19.471943 1.185342 0.330895 0.582919 0.655926 -0.465528 0.594176 -0.656004 0.037819 0.753810 -0.373391 -0.884225 -0.280581
0.330386 19.471943 1.185342 0.330895 0.582919 0.655926 -0.465528 0.594176 -0.656120 0.037543 0.753722 -0.373186 -0.884236 -0.280817
0.330386 19.471943 1.185342 0.330895 0.582919 0.655926 -0.465528 0.594176 -0.682786 -0.030321 0.729989 -0.321814 -0.884514 -0.337745
0.330386 19.471943 1.185342 0.330895 0.582919 0.655926 -0.465528 0.594176 -0.682226 -0.028784 0.730574 -0.323000 -0.884565 -0.336476
0.226493 19.413872 1.245087 0.370314 0.601808 0.632660 -0.550505 0.544688 -0.667602 -0.031229 0.743863 -0.392490 -0.834248 -0.387276
0.226493 19.413872 1.245087 0.370314 0.601808 0.632660 -0.550505 0.544688 -0.694887 -0.093049 0.713074 -0.341868 -0.829630 -0.441407
0.226493 19.413872 1.245087 0.370314 0.601808 0.632660 -0.550505 0.544688 -0.697535 -0.099524 0.709606 -0.336432 -0.828878 -0.446961
0.226493 19.413872 1.245087 0.370314 0.601808 0.632660 -0.550505 0.544688 -0.669235 -0.034712 0.742240 -0.389700 -0.834110 -0.390378
0.222488 19.489878 1.287967 0.379183 0.577086 0.543615 -0.337813 0.768352 -0.814348 0.009424 0.580301 -0.203275 -0.941166 -0.269974
0.222488 19.489878 1.287967 0.379183 0.577086 0.543615 -0.337813 0.768352 -0.813986 0.011094 0.580779 -0.204719 -0.941148 -0.268945
0.222488 19.489878 1.287967 0.379183 0.577086 0.543615 -0.337813 0.768352 -0.830724 -0.085761 0.550038 -0.119916 -0.937298 -0.327251
0.222488 19.489878 1.287967 0.379183 0.577086 0.543615 -0.337813 0.768352 -0.830877 -0.086961 0.549619 -0.118852 -0.937187 -0.327955
0.416550 19.422424 0.928623 0.238646 0.599026 0.774042 -0.601996 0.196113 -0.262561 -0.023348 0.964633 -0.576126 -0.798158 -0.176133
0.416550 19.422424 0.928623 0.238646 0.599026 0.774042 -0.601996 0.196113 -0.257739 -0.016680 0.966071 -0.578300 -0.798325 -0.168069
0.416550 19.422424 0.928623 0.238646 0.599026 0.774042 -0.601996 0.196113 -0.250618 -0.006876 0.968062 -0.581421 -0.798470 -0.156193
0.416550 19.422424 0.928623 0.238646 0.599026 0.774042 -0.601996 0.196113 -0.243924 0.002296 0.969792 -0.584261 -0.798496 -0.145064
-0.772247 20.533943 1.174545 0.681227 0.237481 -0.808021 -0.115296 0.577762 -0.581405 -0.002477 -0.813611 0.095237 -0.993328 -0.065032
-0.772247 20.533943 1.174545 0.681227 0.237481 -0.808021 -0.115296 0.577762 -0.582097 0.004914 -0.813104 0.090908 -0.993319 -0.071084
-0.772247 20.533943 1.174545 0.681227 0.237481 -0.808021 -0.115296 0.577762 -0.583034 0.015513 -0.812299 0.084692 -0.993210 -0.079756
-0.772247 20.533943 1.174545 0.681227 0.237481 -0.808021 -0.115296 0.577762 -0.583004 0.015160 -0.812328 0.084899 -0.993216 -0.079467
-0.772247 20.533943 1.174545 0.681227 0.237481 -0.808021 -0.115296 0.577762 -0.582915 0.014119 -0.812411 0.085510 -0.993231 -0.078616
-0.772247 20.533943 1.174545 0.681227 0.237481 -0.808021 -0.115296 0.577762 -0.583083 0.016080 -0.812254 0.084359 -0.993201 -0.080220
-0.772247 20.533943 1.174545 0.681227 0.237481 -0.808021 -0.115296 0.577762 -0.580988 -0.006764 -0.813884 0.097745 -0.993308 -0.061520
-0.772247 20.533943 1.174545 0.681227 0.237481 -0.808021 -0.115296 0.577762 -0.580722 -0.009452 -0.814047 0.099317 -0.993286 -0.059317
-0.772247 20.533943 1.174545 0.681227 0.237481 -0.808021 -0.115296 0.577762 -0.581227 -0.004318 -0.813730 0.096314 -0.993322 -0.063524
-0.772247 20.533943 1.174545 0.681227 0.237481 -0.808021 -0.115296 0.577762 -0.580907 -0.007587 -0.813934 0.098226 -0.993302 -0.060846
0.275999 19.293898 0.966017 0.272720 0.650794 0.631387 -0.736037 0.244131 -0.540509 -0.191961 0.819147 -0.556059 -0.649153 -0.519036
0.275999 19.293898 0.966017 0.272720 0.650794 0.631387 -0.736037 0.244131 -0.574814 -0.232901 0.784440 -0.520519 -0.635615 -0.570135
0.275999 19.293898 0.966017 0.272720 0.650794 0.631387 -0.736037 0.244131 0.037527 0.343450 0.938421 -0.774560 -0.583345 0.244471
0.275999 19.293898 0.966017 0.272720 0.650794 0.631387 -0.736037 0.244131 -0.116207 0.221458 0.968221 -0.766712 -0.639692 0.054292
0.275999 19.293898 0.966017 0.272720 0.650794 0.631387 -0.736037 0.244131 -0.308477 0.050446 0.949893 -0.711472 -0.675059 -0.195199
0.309585 19.347239 1.036727 0.292730 0.623482 0.696111 -0.660793 0.280680 -0.343155 0.037163 0.938543 -0.630614 -0.749647 -0.200885
0.309585 19.347239 1.036727 0.292730 0.623482 0.696111 -0.660793 0.280680 -0.347285 0.032243 0.937205 -0.628349 -0.749875 -0.207038
0.309585 19.347239 1.036727 0.292730 0.623482 0.696111 -0.660793 0.280680 -0.408660 -0.043263 0.911661 -0.590276 -0.749320 -0.300156
0.309585 19.347239 1.036727 0.292730 0.623482 0.696111 -0.660793 0.280680 -0.409350 -0.044138 0.911309 -0.589798 -0.749269 -0.301221
0.195419 19.287460 1.134274 0.354502 0.642926 0.620831 -0.595784 0.509519 -0.570786 0.101990 0.814740 -0.537375 -0.796642 -0.276747
0.195419 19.287460 1.134274 0.354502 0.642926 0.620831 -0.595784 0.509519 -0.610981 0.039509 0.790658 -0.491193 -0.802172 -0.339485
0.195419 19.287460 1.134274 0.354502 0.642926 0.620831 -0.595784 0.509519 -0.609540 0.041859 0.791649 -0.492980 -0.802053 -0.337167
0.195419 19.287460 1.134274 0.354502 0.642926 0.620831 -0.595784 0.509519 -0.570757 0.102033 0.814755 -0.537406 -0.796637 -0.276703
0.215902 19.348738 1.195350 0.363056 0.622994 0.632660 -0.550505 0.544688 -0.629336 0.044410 0.775863 -0.451306 -0.833650 -0.318356
0.215902 19.348738 1.195350 0.363056 0.622994 0.632660 -0.550505 0.544688 -0.628867 0.045275 0.776194 -0.451959 -0.833603 -0.317550
0.215902 19.348738 1.195350 0.363056 0.622994 0.632660 -0.550505 0.544688 -0.665283 -0.026323 0.746128 -0.396409 -0.834417 -0.382895
0.215902 19.348738 1.195350 0.363056 0.622994 0.632660 -0.550505 0.544688 -0.664932 -0.025586 0.746465 -0.396996 -0.834440 -0.382236
0.113951 19.310850 1.263973 0.408452 0.635318 0.620831 -0.595784 0.509519 -0.654258 -0.035716 0.755428 -0.431874 -0.802350 -0.411971
0.113951 19.310850 1.263973 0.408452 0.635318 0.620831 -0.595784 0.509519 -0.693356 -0.114009 0.711519 -0.365822 -0.795011 -0.483871
0.113951 19.310850 1.263973 0.408452 0.635318 0.620831 -0.595784 0.509519 -0.683399 -0.092862 0.724115 -0.384101 -0.797758 -0.464810
0.113951 19.310850 1.263973 0.408452 0.635318 0.620831 -0.595784 0.509519 -0.649037 -0.026100 0.760309 -0.439682 -0.802720 -0.402890
0.168820 19.236767 1.076630 0.346594 0.659415 0.631387 -0.736037 0.244131 -0.406003 -0.045537 0.912737 -0.660691 -0.675408 -0.327585
0.168820 19.236767 1.076630 0.346594 0.659415 0.631387 -0.736037 0.244131 -0.409505 -0.049123 0.910985 -0.658526 -0.675156 -0.332426
0.168820 19.236767 1.076630 0.346594 0.659415 0.631387 -0.736037 0.244131 -0.588490 -0.249767 0.768958 -0.505005 -0.629178 -0.590850
0.168820 19.236767 1.076630 0.346594 0.659415 0.631387 -0.736037 0.244131 -0.584432 -0.244728 0.773658 -0.509696 -0.631156 -0.584682
0.078923 19.208426 1.188256 0.409751 0.668634 0.521754 -0.825156 0.216543 -0.418416 -0.026318 0.907874 -0.743439 -0.564292 -0.358990
0.078923 19.208426 1.188256 0.409751 0.668634 0.521754 -0.825156 0.216543 -0.494770 -0.085910 0.864767 -0.694965 -0.558334 -0.453086
0.078923 19.208426 1.188256 0.409751 0.668634 0.521754 -0.825156 0.216543 -0.517267 -0.104151 0.849463 -0.678386 -0.555221 -0.481167
0.078923 19.208426 1.188256 0.409751 0.668634 0.521754 -0.825156 0.216543 -0.436408 -0.040061 0.898857 -0.733022 -0.563483 -0.381006
0.103604 19.258116 1.229970 0.407023 0.652470 0.620831 -0.595784 0.509519 -0.600574 0.056278 0.797586 -0.503864 -0.801170 -0.322874
0.103604 19.258116 1.229970 0.407023 0.652470 0.620831 -0.595784 0.509519 -0.604124 0.050610 0.795282 -0.499603 -0.801548 -0.328507
0.103604 19.258116 1.229970 0.407023 0.652470 0.620831 -0.595784 0.509519 -0.649278 -0.026541 0.760088 -0.439325 -0.802706 -0.403307
0.103604 19.258116 1.229970 0.407023 0.652470 0.620831 -0.595784 0.509519 -0.649569 -0.027073 0.759821 -0.438895 -0.802688 -0.403811
0.028752 19.255270 1.306449 0.442440 0.653397 0.574065 -0.606293 0.550325 -0.695966 -0.007215 0.718039 -0.431371 -0.795209 -0.426101
0.028752 19.255270 1.306449 0.442440 0.653397 0.574065 -0.606293 0.550325 -0.732240 -0.079350 0.676408 -0.366433 -0.791273 -0.489504
0.028752 19.255270 1.306449 0.442440 0.653397 0.574065 -0.606293 0.550325 -0.749934 -0.119503 0.650629 -0.328706 -0.786211 -0.523282
0.028752 19.255270 1.306449 0.442440 0.653397 0.574065 -0.606293 0.550325 -0.718240 -0.050139 0.693986 -0.393166 -0.793659 -0.464247
0.134448 19.199318 1.030982 0.343787 0.681557 0.521754 -0.825156 0.216543 -0.620220 -0.192619 0.760411 -0.585748 -0.531052 -0.612278
0.134448 19.199318 1.030982 0.343787 0.681557 0.521754 -0.825156 0.216543 -0.634518 -0.205695 0.745035 -0.570228 -0.526125 -0.630898
0.134448 19.199318 1.030982 0.343787 0.681557 0.521754 -0.825156 0.216543 -0.371396 0.008808 0.928433 -0.768009 -0.564837 -0.301865
0.134448 19.199318 1.030982 0.343787 0.681557 0.521754 -0.825156 0.216543 -0.360584 0.016732 0.932577 -0.773144 -0.564657 -0.288809
-0.451012 20.157854 1.308599 0.598276 0.359813 -0.328562 0.128090 0.935757 -0.943488 0.000938 -0.331405 -0.043328 -0.991762 0.120543
-0.451012 20.157854 1.308599 0.598276 0.359813 -0.328562 0.128090 0.935757 -0.943421 0.002452 -0.331588 -0.044767 -0.991760 0.120037
-0.451012 20.157854 1.308599 0.598276 0.359813 -0.328562 0.128090 0.935757 -0.943940 -0.010948 -0.329936 -0.032017 -0.991702 0.124506
-0.451012 20.157854 1.308599 0.598276 0.359813 -0.328562 0.128090 0.935757 -0.943572 -0.001012 -0.331167 -0.041472 -0.991762 0.121194
-0.451012 20.157854 1.308599 0.598276 0.359813 -0.328562 0.128090 0.935757 -0.944139 -0.017832 -0.329064 -0.025464 -0.991602 0.126793
-0.451012 20.157854 1.308599 0.598276 0.359813 -0.328562 0.128090 0.935757 -0.943993 -0.012643 -0.329723 -0.030403 -0.991682 0.125070
-0.451012 20.157854 1.308599 0.598276 0.359813 -0.328562 0.128090 0.935757 -0.943315 0.004740 -0.331864 -0.046944 -0.991751 0.119272
-0.451012 20.157854 1.308599 0.598276 0.359813 -0.328562 0.128090 0.935757 -0.942792 0.014772 -0.333054 -0.056484 -0.991653 0.115908
-0.451012 20.157854 1.308599 0.598276 0.359813 -0.328562 0.128090 0.935757 -0.942190 0.024538 -0.334179 -0.065767 -0.991459 0.112622
0.038700 19.165096 1.144133 0.420029 0.682727 0.521754 -0.825156 0.216543 -0.636672 -0.207685 0.742641 -0.567822 -0.525342 -0.633714
0.038700 19.165096 1.144133 0.420029 0.682727 0.521754 -0.825156 0.216543 -0.613841 -0.186857 0.766997 -0.592429 -0.533106 -0.604008
0.038700 19.165096 1.144133 0.420029 0.682727 0.521754 -0.825156 0.216543 -0.470167 -0.066335 0.880081 -0.711840 -0.560997 -0.422572
0.038700 19.165096 1.144133 0.420029 0.682727 0.521754 -0.825156 0.216543 -0.439306 -0.042291 0.897342 -0.731289 -0.563320 -0.384561
0.000471 19.204271 1.286782 0.451193 0.669985 0.574065 -0.606293 0.550325 -0.689187 0.005126 0.724565 -0.442119 -0.795225 -0.414907
0.000471 19.204271 1.286782 0.451193 0.669985 0.574065 -0.606293 0.550325 -0.663681 0.049099 0.746403 -0.479559 -0.793724 -0.374199
0.000471 19.204271 1.286782 0.451193 0.669985 0.574065 -0.606293 0.550325 -0.736121 -0.087816 0.671129 -0.358573 -0.790378 -0.496717
0.000471 19.204271 1.286782 0.451193 0.669985 0.574065 -0.606293 0.550325 -0.715734 -0.045108 0.696914 -0.397710 -0.793961 -0.459840
0.481470 19.837784 1.246882 0.315706 0.463922 0.648248 -0.264564 0.713989 -0.735477 0.025162 0.677082 -0.197098 -0.964040 -0.178270
0.481470 19.837784 1.246882 0.315706 0.463922 0.648248 -0.264564 0.713989 -0.735771 0.023722 0.676815 -0.195999 -0.964076 -0.179281
0.481470 19.837784 1.246882 0.315706 0.463922 0.648248 -0.264564 0.713989 -0.746644 -0.036976 0.664196 -0.149322 -0.963659 -0.221505
0.481470 19.837784 1.246882 0.315706 0.463922 0.648248 -0.264564 0.713989 -0.746718 -0.037457 0.664085 -0.148949 -0.963640 -0.221837
0.575133 19.921783 1.169390 0.286319 0.436599 0.773669 -0.212137 0.597021 -0.614359 -0.020786 0.788753 -0.154914 -0.977019 -0.146410
0.575133 19.921783 1.169390 0.286319 0.436599 0.773669 -0.212137 0.597021 -0.608229 0.015257 0.793615 -0.177464 -0.977121 -0.117224
0.575133 19.921783 1.169390 0.286319 0.436599 0.773669 -0.212137 0.597021 -0.608545 0.013509 0.793404 -0.176376 -0.977147 -0.118644
0.575133 19.921783 1.169390 0.286319 0.436599 0.773669 -0.212137 0.597021 -0.614466 -0.021461 0.788651 -0.154490 -0.977004 -0.146955
0.314097 19.836081 1.342079 0.365579 0.464476 0.469570 -0.183250 0.863669 -0.879500 -0.011383 0.475762 -0.077353 -0.983001 -0.166513
0.314097 19.836081 1.342079 0.365579 0.464476 0.469570 -0.183250 0.863669 -0.879490 -0.011250 0.475785 -0.077472 -0.983002 -0.166449
0.314097 19.836081 1.342079 0.365579 0.464476 0.469570 -0.183250 0.863669 -0.879792 -0.015166 0.475118 -0.073967 -0.982949 -0.168343
0.314097 19.836081 1.342079 0.365579 0.464476 0.469570 -0.183250 0.863669 -0.879759 -0.014728 0.475193 -0.074359 -0.982956 -0.168132
0.393638 19.913015 1.318722 0.345005 0.439452 0.344319 -0.065670 0.936553 -0.938553 0.001128 0.345133 -0.023722 -0.997841 -0.061247
0.393638 19.913015 1.318722 0.345005 0.439452 0.344319 -0.065670 0.936553 -0.938195 0.013285 0.345854 -0.035155 -0.997753 -0.057037
0.393638 19.913015 1.318722 0.345005 0.439452 0.344319 -0.065670 0.936553 -0.938198 0.013179 0.345847 -0.035054 -0.997754 -0.057074
0.393638 19.913015 1.318722 0.345005 0.439452 0.344319 -0.065670 0.936553 -0.938554 0.001107 0.345132 -0.023702 -0.997841 -0.061254
0.242938 19.913841 1.374203 0.387048 0.439182 0.344319 -0.065670 0.936553 -0.938699 -0.006038 0.344684 -0.016981 -0.997823 -0.063724
0.242938 19.913841 1.374203 0.387048 0.439182 0.344319 -0.065670 0.936553 -0.938609 -0.001338 0.344981 -0.021402 -0.997841 -0.062100
0.242938 19.913841 1.374203 0.387048 0.439182 0.344319 -0.065670 0.936553 -0.938609 -0.001323 0.344981 -0.021416 -0.997841 -0.062094
0.242938 19.913841 1.374203 0.387048 0.439182 0.344319 -0.065670 0.936553 -0.938698 -0.005963 0.344689 -0.017051 -0.997824 -0.063698
-0.021821 19.822474 1.499408 0.466366 0.468902 0.542782 0.095114 0.834470 -0.837259 -0.017053 0.546540 0.066214 -0.995320 0.070380
-0.021821 19.822474 1.499408 0.466366 0.468902 0.542782 0.095114 0.834470 -0.837086 -0.019622 0.546720 0.068375 -0.995273 0.068968
-0.021821 19.822474 1.499408 0.466366 0.468902 0.542782 0.095114 0.834470 -0.836952 -0.021545 0.546852 0.069992 -0.995233 0.067912
-0.021821 19.822474 1.499408 0.466366 0.468902 0.542782 0.095114 0.834470 -0.837139 -0.018836 0.546665 0.067714 -0.995288 0.069400
-0.149408 19.743629 1.600431 0.497813 0.494547 0.014233 -0.823910 0.566543 -0.994210 0.048695 0.095793 -0.106512 -0.564626 -0.818446
-0.149408 19.743629 1.600431 0.497813 0.494547 0.014233 -0.823910 0.566543 -0.954107 0.158313 0.254200 -0.299128 -0.544160 -0.783844
-0.149408 19.743629 1.600431 0.497813 0.494547 0.014233 -0.823910 0.566543 -0.995177 0.043324 0.088006 -0.097054 -0.565063 -0.819319
-0.149408 19.743629 1.600431 0.497813 0.494547 0.014233 -0.823910 0.566543 -0.951005 0.163856 0.262184 -0.308848 -0.542517 -0.781210
-0.146170 19.773783 1.623608 0.496662 0.484740 0.014233 -0.823910 0.566543 -0.992771 0.055886 0.106215 -0.119174 -0.563959 -0.817158
-0.146170 19.773783 1.623608 0.496662 0.484740 0.014233 -0.823910 0.566543 -0.920191 0.210890 0.329809 -0.391211 -0.526022 -0.755152
-0.146170 19.773783 1.623608 0.496662 0.484740 0.014233 -0.823910 0.566543 -0.993973 0.049936 0.097592 -0.108698 -0.564517 -0.818233
-0.146170 19.773783 1.623608 0.496662 0.484740 0.014233 -0.823910 0.566543 -0.923495 0.206394 0.323355 -0.383346 -0.527802 -0.757939
-0.550724 20.163799 1.284291 0.624545 0.357879 -0.151096 -0.394176 0.906529 -0.979801 -0.061809 -0.190184 0.130998 -0.916954 -0.376875
-0.550724 20.163799 1.284291 0.624545 0.357879 -0.151096 -0.394176 0.906529 -0.984779 -0.019678 -0.172695 0.085911 -0.918824 -0.385203
-0.550724 20.163799 1.284291 0.624545 0.357879 -0.151096 -0.394176 0.906529 -0.985464 -0.011982 -0.169463 0.077660 -0.918957 -0.386636
-0.550724 20.163799 1.284291 0.624545 0.357879 -0.151096 -0.394176 0.906529 -0.984103 -0.026606 -0.175594 0.093334 -0.918650 -0.383890
-0.550724 20.163799 1.284291 0.624545 0.357879 -0.151096 -0.394176 0.906529 -0.949771 -0.196354 -0.243682 0.274055 -0.897814 -0.344709
-0.550724 20.163799 1.284291 0.624545 0.357879 -0.151096 -0.394176 0.906529 -0.977236 -0.078601 -0.197058 0.148930 -0.915667 -0.373327
-0.550724 20.163799 1.284291 0.624545 0.357879 -0.151096 -0.394176 0.906529 -0.984123 -0.026411 -0.175513 0.093126 -0.918655 -0.383927
-0.550724 20.163799 1.284291 0.624545 0.357879 -0.151096 -0.394176 0.906529 -0.987207 0.012936 -0.158918 0.050915 -0.918944 -0.391088
-0.550724 20.163799 1.284291 0.624545 0.357879 -0.151096 -0.394176 0.906529 -0.986492 0.001425 -0.163804 0.063276 -0.919034 -0.389067
-0.550724 20.163799 1.284291 0.624545 0.357879 -0.151096 -0.394176 0.906529 -0.977883 -0.074562 -0.195410 0.144619 -0.916005 -0.374192
-0.144772 19.827215 1.629854 0.496246 0.467359 -0.098637 0.308433 0.946118 -0.994379 -0.067311 -0.081725 0.038477 -0.948861 0.313339
-0.144772 19.827215 1.629854 0.496246 0.467359 -0.098637 0.308433 0.946118 -0.978674 -0.202221 -0.036107 0.180189 -0.929503 0.321802
-0.144772 19.827215 1.629854 0.496246 0.467359 -0.098637 0.308433 0.946118 -0.994174 -0.072073 -0.080151 0.043468 -0.948512 0.313745
-0.144772 19.827215 1.629854 0.496246 0.467359 -0.098637 0.308433 0.946118 -0.974321 -0.223319 -0.028775 0.202411 -0.924661 0.322540
-0.141683 19.894812 1.576949 0.496444 0.445372 -0.098637 0.308433 0.946118 -0.993015 -0.092369 -0.073414 0.064748 -0.946751 0.315390
-0.141683 19.894812 1.576949 0.496444 0.445372 -0.098637 0.308433 0.946118 -0.970125 -0.241572 -0.022387 0.221651 -0.920061 0.323047
-0.141683 19.894812 1.576949 0.496444 0.445372 -0.098637 0.308433 0.946118 -0.971845 -0.234300 -0.024937 0.213984 -0.921940 0.322860
-0.141683 19.894812 1.576949 0.496444 0.445372 -0.098637 0.308433 0.946118 -0.993170 -0.090056 -0.074184 0.062323 -0.946974 0.315210
-0.118279 19.854830 1.593876 0.490713 0.458377 -0.098637 0.308433 0.946118 -0.969275 -0.245068 -0.021159 0.225337 -0.919136 0.323129
-0.118279 19.854830 1.593876 0.490713 0.458377 -0.098637 0.308433 0.946118 -0.970821 -0.238661 -0.023409 0.218582 -0.920820 0.322974
-0.118279 19.854830 1.593876 0.490713 0.458377 -0.098637 0.308433 0.946118 -0.918068 -0.395041 0.033071 0.383956 -0.865339 0.322128
-0.118279 19.854830 1.593876 0.490713 0.458377 -0.098637 0.308433 0.946118 -0.923257 -0.383114 0.028642 0.371305 -0.870685 0.322552
-0.136519 19.988953 1.518561 0.496246 0.414751 -0.354653 0.308763 0.882546 -0.933214 -0.175178 -0.313727 0.057735 -0.934868 0.350269
-0.136519 19.988953 1.518561 0.496246 0.414751 -0.354653 0.308763 0.882546 -0.906590 -0.344463 -0.243803 0.228727 -0.886572 0.402086
-0.136519 19.988953 1.518561 0.496246 0.414751 -0.354653 0.308763 0.882546 -0.933458 -0.171077 -0.315260 0.053643 -0.935627 0.348890
-0.136519 19.988953 1.518561 0.496246 0.414751 -0.354653 0.308763 0.882546 -0.911402 -0.324877 -0.252589 0.208728 -0.893935 0.396626
-0.116678 19.932980 1.534503 0.490972 0.432957 0.668531 0.312104 0.675024 -0.724949 0.071041 0.685129 0.165877 -0.947388 0.273752
-0.116678 19.932980 1.534503 0.490972 0.432957 0.668531 0.312104 0.675024 -0.723645 0.063715 0.687225 0.171477 -0.947909 0.268448
-0.116678 19.932980 1.534503 0.490972 0.432957 0.668531 0.312104 0.675024 -0.714119 0.016026 0.699841 0.207605 -0.949913 0.233593
-0.116678 19.932980 1.534503 0.490972 0.432957 0.668531 0.312104 0.675024 -0.712190 0.007333 0.701949 0.214131 -0.950020 0.227179
-0.094002 19.884153 1.544091 0.485232 0.448839 0.668531 0.312104 0.675024 -0.709030 -0.006360 0.705150 0.224373 -0.950027 0.217039
-0.094002 19.884153 1.544091 0.485232 0.448839 0.668531 0.312104 0.675024 -0.704082 -0.026624 0.709620 0.239447 -0.949675 0.201947
-0.094002 19.884153 1.544091 0.485232 0.448839 0.668531 0.312104 0.675024 -0.705319 -0.021681 0.708559 0.235779 -0.949801 0.205638
-0.094002 19.884153 1.544091 0.485232 0.448839 0.668531 0.312104 0.675024 -0.709978 -0.002315 0.704220 0.221352 -0.950045 0.220039
-0.068127 19.838167 1.543002 0.478795 0.463797 0.668531 0.312104 0.675024 -0.700157 -0.041828 0.712762 0.250690 -0.949127 0.190559
-0.068127 19.838167 1.543002 0.478795 0.463797 0.668531 0.312104 0.675024 -0.701830 -0.035433 0.711462 0.245968 -0.949387 0.195356
-0.068127 19.838167 1.543002 0.478795 0.463797 0.668531 0.312104 0.675024 -0.703646 -0.028348 0.709985 0.240725 -0.949625 0.200659
-0.068127 19.838167 1.543002 0.478795 0.463797 0.668531 0.312104 0.675024 -0.705212 -0.022109 0.708651 0.236097 -0.949791 0.205319
-0.046807 19.797522 1.534518 0.473391 0.477017 0.668531 0.312104 0.675024 -0.699956 -0.042588 0.712915 0.251252 -0.949093 0.189987
-0.046807 19.797522 1.534518 0.473391 0.477017 0.668531 0.312104 0.675024 -0.701237 -0.037715 0.711930 0.247655 -0.949299 0.193645
-0.046807 19.797522 1.534518 0.473391 0.477017 0.668531 0.312104 0.675024 -0.703333 -0.029579 0.710244 0.241636 -0.949587 0.199739
-0.046807 19.797522 1.534518 0.473391 0.477017 0.668531 0.312104 0.675024 -0.705621 -0.020459 0.708294 0.234871 -0.949828 0.206550
0.746118 20.339062 0.934828 0.221147 0.300871 0.912896 -0.009349 0.408085 -0.408106 -0.000381 0.912934 -0.008380 -0.999956 -0.004163
0.746118 20.339062 0.934828 0.221147 0.300871 0.912896 -0.009349 0.408085 -0.408106 -0.000434 0.912934 -0.008358 -0.999956 -0.004212
0.746118 20.339062 0.934828 0.221147 0.300871 0.912896 -0.009349 0.408085 -0.408102 0.000125 0.912937 -0.008586 -0.999956 -0.003701
0.746118 20.339062 0.934828 0.221147 0.300871 0.912896 -0.009349 0.408085 -0.408101 0.000209 0.912937 -0.008620 -0.999956 -0.003625
0.675391 20.402090 1.080462 0.257057 0.280370 0.839688 -0.025027 0.542492 -0.542596 0.003035 0.839989 -0.022669 -0.999682 -0.011031
0.675391 20.402090 1.080462 0.257057 0.280370 0.839688 -0.025027 0.542492 -0.542593 0.003143 0.839990 -0.022728 -0.999682 -0.010941
0.675391 20.402090 1.080462 0.257057 0.280370 0.839688 -0.025027 0.542492 -0.542696 -0.001639 0.839928 -0.020132 -0.999685 -0.014959
0.675391 20.402090 1.080462 0.257057 0.280370 0.839688 -0.025027 0.542492 -0.542711 -0.002394 0.839916 -0.019722 -0.999684 -0.015593
-0.652783 20.191532 1.243774 0.650746 0.348858 -0.519854 0.245417 0.818244 -0.845302 -0.009470 -0.534205 -0.123354 -0.969371 0.212374
-0.652783 20.191532 1.243774 0.650746 0.348858 -0.519854 0.245417 0.818244 -0.846697 -0.020895 -0.531664 -0.113382 -0.969193 0.218656
-0.652783 20.191532 1.243774 0.650746 0.348858 -0.519854 0.245417 0.818244 -0.842610 0.010307 -0.538426 -0.140572 -0.969363 0.201432
-0.652783 20.191532 1.243774 0.650746 0.348858 -0.519854 0.245417 0.818244 -0.843199 0.006191 -0.537566 -0.136993 -0.969398 0.203717
-0.652783 20.191532 1.243774 0.650746 0.348858 -0.519854 0.245417 0.818244 -0.840328 0.025339 -0.541485 -0.153623 -0.969087 0.193058
-0.652783 20.191532 1.243774 0.650746 0.348858 -0.519854 0.245417 0.818244 -0.849237 -0.044805 -0.526107 -0.092454 -0.968382 0.231709
-0.652783 20.191532 1.243774 0.650746 0.348858 -0.519854 0.245417 0.818244 -0.843937 0.000881 -0.536442 -0.132373 -0.969417 0.206658
-0.652783 20.191532 1.243774 0.650746 0.348858 -0.519854 0.245417 0.818244 -0.842570 0.010580 -0.538483 -0.140810 -0.969360 0.201280
-0.652783 20.191532 1.243774 0.650746 0.348858 -0.519854 0.245417 0.818244 -0.823674 0.109993 -0.556294 -0.226525 -0.963157 0.144963
-0.652783 20.191532 1.243774 0.650746 0.348858 -0.519854 0.245417 0.818244 -0.843001 0.007585 -0.537858 -0.138206 -0.969388 0.202943
-0.652783 20.191532 1.243774 0.650746 0.348858 -0.519854 0.245417 0.818244 -0.845520 -0.011192 -0.533826 -0.121852 -0.969353 0.213323
-0.652783 20.191532 1.243774 0.650746 0.348858 -0.519854 0.245417 0.818244 -0.843144 0.006580 -0.537647 -0.137332 -0.969395 0.203501
-0.652783 20.191532 1.243774 0.650746 0.348858 -0.519854 0.245417 0.818244 -0.848215 -0.034589 -0.528521 -0.101406 -0.968801 0.226147
0.485441 19.997509 1.275617 0.320699 0.411968 0.618619 -0.142562 0.772649 -0.778955 0.017206 0.626843 -0.102659 -0.989636 -0.100406
0.485441 19.997509 1.275617 0.320699 0.411968 0.618619 -0.142562 0.772649 -0.778949 0.017269 0.626850 -0.102708 -0.989635 -0.100366
0.485441 19.997509 1.275617 0.320699 0.411968 0.618619 -0.142562 0.772649 -0.782412 -0.022024 0.622372 -0.071710 -0.989541 -0.125167
0.485441 19.997509 1.275617 0.320699 0.411968 0.618619 -0.142562 0.772649 -0.782407 -0.021962 0.622380 -0.071759 -0.989542 -0.125128
0.303592 19.989792 1.357723 0.370405 0.414478 0.344319 -0.065670 0.936553 -0.938630 -0.002328 0.344919 -0.020471 -0.997839 -0.062442
0.303592 19.989792 1.357723 0.370405 0.414478 0.344319 -0.065670 0.936553 -0.938630 -0.002354 0.344917 -0.020446 -0.997839 -0.062451
0.303592 19.989792 1.357723 0.370405 0.414478 0.344319 -0.065670 0.936553 -0.938687 -0.005329 0.344729 -0.017647 -0.997827 -0.063479
0.303592 19.989792 1.357723 0.370405 0.414478 0.344319 -0.065670 0.936553 -0.938687 -0.005325 0.344730 -0.017651 -0.997827 -0.063478
0.175215 19.994816 1.389102 0.406148 0.412844 0.229074 0.052852 0.971973 -0.973348 0.001272 0.229329 0.010884 -0.998602 0.051734
0.175215 19.994816 1.389102 0.406148 0.412844 0.229074 0.052852 0.971973 -0.973348 0.001218 0.229332 0.010937 -0.998602 0.051722
0.175215 19.994816 1.389102 0.406148 0.412844 0.229074 0.052852 0.971973 -0.973376 0.004261 0.229173 0.007971 -0.998593 0.052421
0.175215 19.994816 1.389102 0.406148 0.412844 0.229074 0.052852 0.971973 -0.973375 0.004138 0.229179 0.008091 -0.998594 0.052392
0.230155 20.059620 1.377036 0.390578 0.391764 0.128483 0.128091 0.983405 -0.991509 -0.003458 0.129992 0.020051 -0.991756 0.126559
0.230155 20.059620 1.377036 0.390578 0.391764 0.128483 0.128091 0.983405 -0.991383 -0.008963 0.130692 0.025554 -0.991722 0.125835
0.230155 20.059620 1.377036 0.390578 0.391764 0.128483 0.128091 0.983405 -0.991500 -0.003898 0.130048 0.020491 -0.991755 0.126501
0.230155 20.059620 1.377036 0.390578 0.391764 0.128483 0.128091 0.983405 -0.991402 -0.008207 0.130596 0.024799 -0.991728 0.125935
0.104972 20.075974 1.393808 0.425856 0.386446 0.260637 0.098416 0.960408 -0.965218 0.005395 0.261389 0.020543 -0.995131 0.096399
0.104972 20.075974 1.393808 0.425856 0.386446 0.260637 0.098416 0.960408 -0.965357 0.013795 0.260566 0.012395 -0.995050 0.098602
0.104972 20.075974 1.393808 0.425856 0.386446 0.260637 0.098416 0.960408 -0.965211 0.005031 0.261425 0.020896 -0.995133 0.096303
0.104972 20.075974 1.393808 0.425856 0.386446 0.260637 0.098416 0.960408 -0.965350 0.013223 0.260623 0.012950 -0.995058 0.098452
0.517647 20.360363 1.260447 0.312764 0.293942 0.621123 -0.018521 0.783494 -0.783605 0.001943 0.621257 -0.013029 -0.999827 -0.013306
0.517647 20.360363 1.260447 0.312764 0.293942 0.621123 -0.018521 0.783494 -0.783602 0.002142 0.621259 -0.013185 -0.999826 -0.013183
0.517647 20.360363 1.260447 0.312764 0.293942 0.621123 -0.018521 0.783494 -0.783599 0.002404 0.621263 -0.013390 -0.999826 -0.013020
0.517647 20.360363 1.260447 0.312764 0.293942 0.621123 -0.018521 0.783494 -0.783582 0.003606 0.621278 -0.014332 -0.999822 -0.012273
0.517647 20.360363 1.260447 0.312764 0.293942 0.621123 -0.018521 0.783494 -0.783668 -0.003980 0.621167 -0.008387 -0.999821 -0.016986
0.501633 20.953819 1.290278 0.320881 0.100908 -0.697384 -0.716509 -0.016449 -0.396344 0.366439 0.841804 -0.597133 0.593580 -0.539533
0.501633 20.953819 1.290278 0.320881 0.100908 -0.697384 -0.716509 -0.016449 -0.496892 0.466834 0.731549 -0.516483 0.518344 -0.681590
0.501633 20.953819 1.290278 0.320881 0.100908 -0.697384 -0.716509 -0.016449 -0.506371 0.476353 0.718802 -0.507193 0.509610 -0.695021
0.501633 20.953819 1.290278 0.320881 0.100908 -0.697384 -0.716509 -0.016449 -0.407702 0.377735 0.831322 -0.589436 0.586456 -0.555548
-0.129760 20.124310 1.479821 0.495194 0.370723 -0.421400 0.080682 0.903278 -0.906871 -0.040209 -0.419485 0.002474 -0.995929 0.090112
-0.129760 20.124310 1.479821 0.495194 0.370723 -0.421400 0.080682 0.903278 -0.905965 -0.082052 -0.415325 0.040607 -0.993357 0.107672
-0.129760 20.124310 1.479821 0.495194 0.370723 -0.421400 0.080682 0.903278 -0.906873 -0.039647 -0.419536 0.001963 -0.995951 0.089876
-0.129760 20.124310 1.479821 0.495194 0.370723 -0.421400 0.080682 0.903278 -0.906214 -0.075479 -0.416028 0.034612 -0.993878 0.104922
-0.121978 20.234760 1.476435 0.493139 0.334797 0.348337 -0.172347 0.921389 -0.937367 -0.066506 0.341937 0.002346 -0.982789 -0.184719
-0.121978 20.234760 1.476435 0.493139 0.334797 0.348337 -0.172347 0.921389 -0.936025 -0.011321 0.351752 -0.050192 -0.984971 -0.165265
-0.121978 20.234760 1.476435 0.493139 0.334797 0.348337 -0.172347 0.921389 -0.937364 -0.067328 0.341782 0.003130 -0.982733 -0.185005
-0.121978 20.234760 1.476435 0.493139 0.334797 0.348337 -0.172347 0.921389 -0.936162 -0.014086 0.351287 -0.047565 -0.984936 -0.166251
-0.088419 20.177547 1.462481 0.484012 0.353407 0.418778 0.082930 0.904294 -0.907773 0.011996 0.419289 0.023924 -0.996483 0.080306
-0.088419 20.177547 1.462481 0.484012 0.353407 0.418778 0.082930 0.904294 -0.907736 0.010488 0.419410 0.025298 -0.996500 0.079671
-0.088419 20.177547 1.462481 0.484012 0.353407 0.418778 0.082930 0.904294 -0.907260 -0.004319 0.420548 0.038782 -0.996546 0.073431
-0.088419 20.177547 1.462481 0.484012 0.353407 0.418778 0.082930 0.904294 -0.907332 -0.002432 0.420408 0.037064 -0.996552 0.074227
-0.714850 20.244270 1.193860 0.670114 0.331704 -0.519854 0.245417 0.818244 -0.833743 0.062880 -0.548561 -0.186077 -0.967376 0.171926
-0.714850 20.244270 1.193860 0.670114 0.331704 -0.519854 0.245417 0.818244 -0.839558 0.030131 -0.542433 -0.157777 -0.968949 0.190378
-0.714850 20.244270 1.193860 0.670114 0.331704 -0.519854 0.245417 0.818244 -0.822998 0.112849 -0.556722 -0.228967 -0.962827 0.143312
-0.714850 20.244270 1.193860 0.670114 0.331704 -0.519854 0.245417 0.818244 -0.822228 0.116067 -0.557197 -0.231716 -0.962444 0.141451
-0.714850 20.244270 1.193860 0.670114 0.331704 -0.519854 0.245417 0.818244 -0.823212 0.111948 -0.556587 -0.228197 -0.962932 0.143833
-0.714850 20.244270 1.193860 0.670114 0.331704 -0.519854 0.245417 0.818244 -0.825452 0.102318 -0.555122 -0.219957 -0.964003 0.149389
-0.714850 20.244270 1.193860 0.670114 0.331704 -0.519854 0.245417 0.818244 -0.826924 0.095783 -0.554097 -0.214358 -0.964674 0.153148
-0.714850 20.244270 1.193860 0.670114 0.331704 -0.519854 0.245417 0.818244 -0.827094 0.095015 -0.553975 -0.213700 -0.964750 0.153588
-0.023681 20.218258 1.430769 0.465176 0.340165 0.348337 -0.172347 0.921389 -0.933452 0.025993 0.357759 -0.085608 -0.984693 -0.151823
-0.023681 20.218258 1.430769 0.465176 0.340165 0.348337 -0.172347 0.921389 -0.933529 0.025108 0.357623 -0.084770 -0.984716 -0.152145
-0.023681 20.218258 1.430769 0.465176 0.340165 0.348337 -0.172347 0.921389 -0.933702 0.023074 0.357307 -0.082841 -0.984766 -0.152883
-0.023681 20.218258 1.430769 0.465176 0.340165 0.348337 -0.172347 0.921389 -0.933813 0.021739 0.357100 -0.081575 -0.984796 -0.153367
0.036137 20.149529 1.402161 0.446418 0.362520 0.260637 0.098416 0.960408 -0.964460 -0.018205 0.263602 0.043427 -0.994979 0.090173
0.036137 20.149529 1.402161 0.446418 0.362520 0.260637 0.098416 0.960408 -0.964504 -0.017188 0.263509 0.042441 -0.994997 0.090443
0.036137 20.149529 1.402161 0.446418 0.362520 0.260637 0.098416 0.960408 -0.965173 0.003313 0.261590 0.022563 -0.995140 0.095852
0.036137 20.149529 1.402161 0.446418 0.362520 0.260637 0.098416 0.960408 -0.965140 0.001867 0.261729 0.023965 -0.995144 0.095471
-0.071226 20.279047 1.469996 0.479252 0.320392 0.348337 -0.172347 0.921389 -0.936025 -0.011330 0.351751 -0.050183 -0.984971 -0.165268
-0.071226 20.279047 1.469996 0.479252 0.320392 0.348337 -0.172347 0.921389 -0.935940 -0.009691 0.352025 -0.051741 -0.984989 -0.164682
-0.071226 20.279047 1.469996 0.479252 0.320392 0.348337 -0.172347 0.921389 -0.933088 0.030087 0.358387 -0.089489 -0.984577 -0.150334
-0.071226 20.279047 1.469996 0.479252 0.320392 0.348337 -0.172347 0.921389 -0.933245 0.028349 0.358121 -0.087841 -0.984628 -0.150967
0.168463 20.118349 1.381332 0.407051 0.372662 0.128483 0.128091 0.983405 -0.991557 -0.000939 0.129670 0.017532 -0.991762 0.126889
0.168463 20.118349 1.381332 0.407051 0.372662 0.128483 0.128091 0.983405 -0.991595 0.001388 0.129372 0.015207 -0.991762 0.127192
0.168463 20.118349 1.381332 0.407051 0.372662 0.128483 0.128091 0.983405 -0.991602 0.001857 0.129312 0.014737 -0.991761 0.127254
0.168463 20.118349 1.381332 0.407051 0.372662 0.128483 0.128091 0.983405 -0.991589 0.001011 0.129420 0.015583 -0.991762 0.127143
-0.054337 20.915211 1.526181 0.475202 0.113467 0.062626 0.153173 0.986213 -0.998035 0.011812 0.061543 -0.002222 -0.988129 0.153612
-0.054337 20.915211 1.526181 0.475202 0.113467 0.062626 0.153173 0.986213 -0.997810 -0.011487 0.065147 0.021308 -0.988133 0.152118
-0.054337 20.915211 1.526181 0.475202 0.113467 0.062626 0.153173 0.986213 -0.997796 -0.012121 0.065244 0.021947 -0.988125 0.152077
-0.054337 20.915211 1.526181 0.475202 0.113467 0.062626 0.153173 0.986213 -0.998035 0.011536 0.061585 -0.001944 -0.988132 0.153595
0.053398 20.806574 1.522821 0.448000 0.148803 0.194230 -0.005158 0.980942 -0.980956 -0.000269 0.194231 -0.000738 -0.999987 -0.005112
0.053398 20.806574 1.522821 0.448000 0.148803 0.194230 -0.005158 0.980942 -0.980956 -0.000285 0.194231 -0.000722 -0.999987 -0.005115
0.053398 20.806574 1.522821 0.448000 0.148803 0.194230 -0.005158 0.980942 -0.980955 0.000276 0.194234 -0.001272 -0.999987 -0.005006
0.053398 20.806574 1.522821 0.448000 0.148803 0.194230 -0.005158 0.980942 -0.980955 0.000256 0.194234 -0.001253 -0.999987 -0.005010
-0.057397 20.723192 1.541163 0.476110 0.175924 0.067586 0.050557 0.996432 -0.997686 -0.004044 0.067876 0.007461 -0.998713 0.050167
-0.057397 20.723192 1.541163 0.476110 0.175924 0.067586 0.050557 0.996432 -0.997713 0.003743 0.067483 -0.000318 -0.998714 0.050695
-0.057397 20.723192 1.541163 0.476110 0.175924 0.067586 0.050557 0.996432 -0.997713 0.003770 0.067482 -0.000345 -0.998714 0.050697
-0.057397 20.723192 1.541163 0.476110 0.175924 0.067586 0.050557 0.996432 -0.997686 -0.003982 0.067873 0.007399 -0.998713 0.050171
0.052292 20.631948 1.522538 0.448261 0.205603 0.194230 -0.005158 0.980942 -0.980956 -0.000206 0.194232 -0.000800 -0.999987 -0.005100
0.052292 20.631948 1.522538 0.448261 0.205603 0.194230 -0.005158 0.980942 -0.980956 -0.000203 0.194232 -0.000803 -0.999987 -0.005099
0.052292 20.631948 1.522538 0.448261 0.205603 0.194230 -0.005158 0.980942 -0.980955 0.000240 0.194234 -0.001237 -0.999987 -0.005013
0.052292 20.631948 1.522538 0.448261 0.205603 0.194230 -0.005158 0.980942 -0.980955 0.000243 0.194234 -0.001240 -0.999987 -0.005012
0.174863 20.900175 1.481744 0.415611 0.118357 0.302314 0.137255 0.943275 -0.952591 0.007899 0.304151 0.034295 -0.990504 0.133136
0.174863 20.900175 1.481744 0.415611 0.118357 0.302314 0.137255 0.943275 -0.951961 -0.007135 0.306136 0.048749 -0.990510 0.128504
0.174863 20.900175 1.481744 0.415611 0.118357 0.302314 0.137255 0.943275 -0.951910 -0.008154 0.306268 0.049728 -0.990502 0.128189
0.174863 20.900175 1.481744 0.415611 0.118357 0.302314 0.137255 0.943275 -0.952567 0.007195 0.304245 0.034972 -0.990510 0.132919
0.296866 20.788305 1.448162 0.384408 0.154745 0.402398 0.005075 0.915451 -0.915463 0.000275 0.402402 0.001790 -0.999987 0.004757
