VertexCount: 380
TriangleCount: 180
Vertices
42.069435 8.467962 30.565239 0.000000 0.900000 0.249423 -0.951288 0.181216 -0.788842 -0.091044 0.607815 -0.561708 -0.294554 -0.773125
42.069435 8.467962 30.565239 0.000000 0.900000 0.249423 -0.951288 0.181216 -0.788842 -0.091044 0.607815 -0.561708 -0.294554 -0.773125
42.069435 8.467962 30.565239 1.000000 0.900000 0.249423 -0.951288 0.181216 -0.334300 0.091044 0.938059 -0.908863 -0.294554 -0.295307
42.069435 8.467962 30.565239 1.000000 0.900000 0.249423 -0.951288 0.181216 -0.334300 0.091044 0.938059 -0.908863 -0.294554 -0.295307
80.020813 32.370052 58.138538 1.000000 0.800000 0.474753 -0.809713 0.344928 -0.401769 0.149308 0.903487 -0.783065 -0.567514 -0.254433
80.020813 32.370052 58.138538 0.000000 0.800000 0.474753 -0.809713 0.344928 -0.735113 -0.149308 0.661298 -0.483961 -0.567514 -0.666115
80.020813 32.370052 58.138538 0.000000 0.800000 0.474753 -0.809713 0.344928 -0.735113 -0.149308 0.661298 -0.483961 -0.567514 -0.666115
80.020813 32.370052 58.138538 1.000000 0.800000 0.474753 -0.809713 0.344928 -0.401769 0.149308 0.903487 -0.783065 -0.567514 -0.254433
30.565224 32.370052 94.070122 0.100000 0.800000 0.181339 -0.809713 0.558105 -0.856095 0.149308 0.494782 -0.483961 -0.567514 -0.666115
30.565224 32.370052 94.070122 0.100000 0.800000 0.181339 -0.809713 0.558105 -0.856095 0.149308 0.494782 -0.483961 -0.567514 -0.666115
30.565224 32.370052 94.070122 0.100000 0.800000 0.181339 -0.809713 0.558105 -0.983421 -0.149308 0.102913 0.000000 -0.567514 -0.823364
30.565224 32.370052 94.070122 0.100000 0.800000 0.181339 -0.809713 0.558105 -0.983421 -0.149308 0.102913 0.000000 -0.567514 -0.823364
-30.565245 32.370052 94.070114 0.200000 0.800000 -0.181339 -0.809713 0.558105 -0.856094 -0.149308 -0.494782 0.483961 -0.567514 -0.666115
-30.565245 32.370052 94.070114 0.200000 0.800000 -0.181339 -0.809713 0.558105 -0.983421 0.149308 -0.102913 0.000000 -0.567514 -0.823363
-30.565245 32.370052 94.070114 0.200000 0.800000 -0.181339 -0.809713 0.558105 -0.856094 -0.149308 -0.494782 0.483961 -0.567514 -0.666115
-30.565245 32.370052 94.070114 0.200000 0.800000 -0.181339 -0.809713 0.558105 -0.983421 0.149308 -0.102913 0.000000 -0.567514 -0.823363
-80.020821 32.370052 58.138523 0.300000 0.800000 -0.474753 -0.809713 0.344928 -0.735113 0.149308 -0.661298 0.483961 -0.567514 -0.666115
-80.020821 32.370052 58.138523 0.300000 0.800000 -0.474753 -0.809713 0.344928 -0.401769 -0.149308 -0.903487 0.783065 -0.567514 -0.254433
-80.020821 32.370052 58.138523 0.300000 0.800000 -0.474753 -0.809713 0.344928 -0.735113 0.149308 -0.661298 0.483961 -0.567514 -0.666115
-80.020821 32.370052 58.138523 0.300000 0.800000 -0.474753 -0.809713 0.344928 -0.401769 -0.149308 -0.903487 0.783065 -0.567514 -0.254433
-98.911171 32.370052 -0.000006 0.400000 0.800000 -0.586827 -0.809713 -0.000000 -0.206018 0.149308 -0.967090 0.783065 -0.567514 -0.254433
-98.911171 32.370052 -0.000006 0.400000 0.800000 -0.586827 -0.809713 -0.000000 0.206018 -0.149308 -0.967090 0.783065 -0.567514 0.254433
-98.911171 32.370052 -0.000006 0.400000 0.800000 -0.586827 -0.809713 -0.000000 -0.206018 0.149308 -0.967090 0.783065 -0.567514 -0.254433
-98.911171 32.370052 -0.000006 0.400000 0.800000 -0.586827 -0.809713 -0.000000 0.206018 -0.149308 -0.967090 0.783065 -0.567514 0.254433
-80.020813 32.370052 -58.138535 0.500000 0.800000 -0.474753 -0.809713 -0.344928 0.401770 0.149308 -0.903487 0.783065 -0.567514 0.254433
-80.020813 32.370052 -58.138535 0.500000 0.800000 -0.474753 -0.809713 -0.344928 0.735114 -0.149308 -0.661298 0.483961 -0.567514 0.666115
-80.020813 32.370052 -58.138535 0.500000 0.800000 -0.474753 -0.809713 -0.344928 0.401770 0.149308 -0.903487 0.783065 -0.567514 0.254433
-80.020813 32.370052 -58.138535 0.500000 0.800000 -0.474753 -0.809713 -0.344928 0.735113 -0.149308 -0.661298 0.483961 -0.567514 0.666115
-30.565226 32.370052 -94.070114 0.600000 0.800000 -0.181339 -0.809713 -0.558105 0.856095 0.149308 -0.494782 0.483961 -0.567514 0.666115
-30.565226 32.370052 -94.070114 0.600000 0.800000 -0.181339 -0.809713 -0.558105 0.983421 -0.149308 -0.102913 -0.000000 -0.567514 0.823364
-30.565226 32.370052 -94.070114 0.600000 0.800000 -0.181339 -0.809713 -0.558105 0.856095 0.149308 -0.494782 0.483961 -0.567514 0.666115
-30.565226 32.370052 -94.070114 0.600000 0.800000 -0.181339 -0.809713 -0.558105 0.983421 -0.149308 -0.102913 -0.000000 -0.567514 0.823364
30.565231 32.370052 -94.070099 0.700000 0.800000 0.181339 -0.809713 -0.558105 0.983421 0.149308 0.102913 -0.000000 -0.567514 0.823364
30.565231 32.370052 -94.070099 0.700000 0.800000 0.181339 -0.809713 -0.558105 0.856094 -0.149308 0.494782 -0.483961 -0.567514 0.666115
30.565231 32.370052 -94.070099 0.700000 0.800000 0.181339 -0.809713 -0.558105 0.983421 0.149308 0.102913 -0.000000 -0.567514 0.823364
30.565231 32.370052 -94.070099 0.700000 0.800000 0.181339 -0.809713 -0.558105 0.856095 -0.149308 0.494782 -0.483961 -0.567514 0.666115
80.020805 32.370052 -58.138523 0.800000 0.800000 0.474753 -0.809713 -0.344928 0.735113 0.149308 0.661298 -0.483961 -0.567514 0.666115
80.020805 32.370052 -58.138523 0.800000 0.800000 0.474753 -0.809713 -0.344928 0.401769 -0.149308 0.903487 -0.783065 -0.567514 0.254433
80.020805 32.370052 -58.138523 0.800000 0.800000 0.474753 -0.809713 -0.344928 0.735113 0.149308 0.661298 -0.483961 -0.567514 0.666115
80.020805 32.370052 -58.138523 0.800000 0.800000 0.474753 -0.809713 -0.344928 0.401769 -0.149308 0.903487 -0.783065 -0.567514 0.254433
98.911156 32.370052 -0.000000 0.900000 0.800000 0.586827 -0.809713 0.000000 0.206018 0.149308 0.967090 -0.783065 -0.567514 0.254433
98.911156 32.370052 -0.000000 0.900000 0.800000 0.586827 -0.809713 0.000000 -0.206018 -0.149308 0.967090 -0.783065 -0.567514 -0.254433
98.911156 32.370052 -0.000000 0.900000 0.800000 0.586827 -0.809713 0.000000 0.206018 0.149308 0.967090 -0.783065 -0.567514 0.254433
98.911156 32.370052 -0.000000 0.900000 0.800000 0.586827 -0.809713 0.000000 -0.206018 -0.149308 0.967090 -0.783065 -0.567514 -0.254433
16.069090 8.467962 49.455593 0.100000 0.900000 0.095271 -0.951288 0.293214 -0.821832 0.091044 0.562409 -0.561708 -0.294554 -0.773125
16.069090 8.467962 49.455593 0.100000 0.900000 0.095271 -0.951288 0.293214 -0.821832 0.091044 0.562409 -0.561708 -0.294554 -0.773125
16.069090 8.467962 49.455593 0.100000 0.900000 0.095271 -0.951288 0.293214 -0.995451 -0.091044 0.028062 0.000000 -0.294554 -0.955635
16.069090 8.467962 49.455593 0.100000 0.900000 0.095271 -0.951288 0.293214 -0.995451 -0.091044 0.028062 0.000000 -0.294554 -0.955635
110.139206 69.598427 80.020828 1.000000 0.700000 0.653961 -0.588715 0.475131 -0.487835 0.151870 0.859623 -0.578232 -0.793946 -0.187879
110.139206 69.598427 80.020828 0.000000 0.700000 0.653961 -0.588715 0.475131 -0.666801 -0.151870 0.729597 -0.357367 -0.793946 -0.491873
110.139206 69.598427 80.020828 1.000000 0.700000 0.653961 -0.588715 0.475131 -0.487835 0.151870 0.859624 -0.578232 -0.793946 -0.187879
110.139206 69.598427 80.020828 0.000000 0.700000 0.653961 -0.588715 0.475131 -0.666801 -0.151870 0.729597 -0.357367 -0.793946 -0.491873
42.069424 69.598427 129.476425 0.100000 0.700000 0.249791 -0.588715 0.768777 -0.899941 0.151870 0.408708 -0.357367 -0.793946 -0.491873
42.069424 69.598427 129.476425 0.100000 0.700000 0.249791 -0.588715 0.768777 -0.968300 -0.151870 0.198320 0.000000 -0.793946 -0.607989
42.069424 69.598427 129.476425 0.100000 0.700000 0.249791 -0.588715 0.768777 -0.899941 0.151870 0.408708 -0.357367 -0.793946 -0.491873
42.069424 69.598427 129.476425 0.100000 0.700000 0.249791 -0.588715 0.768777 -0.968300 -0.151870 0.198320 0.000000 -0.793946 -0.607989
-42.069450 69.598427 129.476410 0.200000 0.700000 -0.249791 -0.588715 0.768777 -0.968300 0.151870 -0.198321 0.000000 -0.793946 -0.607989
-42.069450 69.598427 129.476410 0.200000 0.700000 -0.249791 -0.588715 0.768777 -0.899941 -0.151870 -0.408708 0.357367 -0.793946 -0.491873
-42.069450 69.598427 129.476410 0.200000 0.700000 -0.249791 -0.588715 0.768777 -0.968300 0.151870 -0.198321 0.000000 -0.793946 -0.607989
-42.069450 69.598427 129.476410 0.200000 0.700000 -0.249791 -0.588715 0.768777 -0.899941 -0.151870 -0.408708 0.357367 -0.793946 -0.491873
-110.139221 69.598427 80.020805 0.300000 0.700000 -0.653961 -0.588715 0.475131 -0.666801 0.151870 -0.729597 0.357367 -0.793946 -0.491873
-110.139221 69.598427 80.020805 0.300000 0.700000 -0.653961 -0.588715 0.475131 -0.487835 -0.151870 -0.859624 0.578232 -0.793946 -0.187879
-110.139221 69.598427 80.020805 0.300000 0.700000 -0.653961 -0.588715 0.475131 -0.666801 0.151870 -0.729597 0.357367 -0.793946 -0.491873
-110.139221 69.598427 80.020805 0.300000 0.700000 -0.653961 -0.588715 0.475131 -0.487835 -0.151870 -0.859623 0.578232 -0.793946 -0.187879
-136.139557 69.598427 -0.000008 0.400000 0.700000 -0.808340 -0.588715 -0.000000 -0.110607 0.151870 -0.982192 0.578232 -0.793946 -0.187879
-136.139557 69.598427 -0.000008 0.400000 0.700000 -0.808340 -0.588715 -0.000000 0.110607 -0.151870 -0.982192 0.578232 -0.793946 0.187879
-136.139557 69.598427 -0.000008 0.400000 0.700000 -0.808340 -0.588715 -0.000000 -0.110607 0.151870 -0.982192 0.578232 -0.793946 -0.187879
-136.139557 69.598427 -0.000008 0.400000 0.700000 -0.808340 -0.588715 -0.000000 0.110607 -0.151870 -0.982192 0.578232 -0.793946 0.187879
-110.139206 69.598427 -80.020821 0.500000 0.700000 -0.653961 -0.588715 -0.475131 0.666801 -0.151870 -0.729597 0.357367 -0.793946 0.491873
-110.139206 69.598427 -80.020821 0.500000 0.700000 -0.653961 -0.588715 -0.475131 0.487835 0.151870 -0.859623 0.578232 -0.793946 0.187879
-110.139206 69.598427 -80.020821 0.500000 0.700000 -0.653961 -0.588715 -0.475131 0.666801 -0.151870 -0.729597 0.357367 -0.793946 0.491873
-110.139206 69.598427 -80.020821 0.500000 0.700000 -0.653961 -0.588715 -0.475131 0.487835 0.151870 -0.859623 0.578232 -0.793946 0.187879
-42.069427 69.598427 -129.476410 0.600000 0.700000 -0.249791 -0.588715 -0.768778 0.899941 0.151870 -0.408708 0.357367 -0.793946 0.491873
-42.069427 69.598427 -129.476410 0.600000 0.700000 -0.249791 -0.588715 -0.768778 0.968300 -0.151870 -0.198320 -0.000000 -0.793946 0.607989
-42.069427 69.598427 -129.476410 0.600000 0.700000 -0.249791 -0.588715 -0.768778 0.899941 0.151870 -0.408708 0.357367 -0.793946 0.491873
-42.069427 69.598427 -129.476410 0.600000 0.700000 -0.249791 -0.588715 -0.768778 0.968300 -0.151870 -0.198320 -0.000000 -0.793946 0.607989
42.069435 69.598427 -129.476395 0.700000 0.700000 0.249791 -0.588715 -0.768777 0.968300 0.151870 0.198321 -0.000000 -0.793946 0.607989
42.069435 69.598427 -129.476395 0.700000 0.700000 0.249791 -0.588715 -0.768777 0.899941 -0.151870 0.408708 -0.357367 -0.793946 0.491873
42.069435 69.598427 -129.476395 0.700000 0.700000 0.249791 -0.588715 -0.768777 0.968300 0.151870 0.198321 -0.000000 -0.793946 0.607989
42.069435 69.598427 -129.476395 0.700000 0.700000 0.249791 -0.588715 -0.768777 0.899941 -0.151870 0.408708 -0.357367 -0.793946 0.491873
110.139206 69.598427 -80.020805 0.800000 0.700000 0.653961 -0.588715 -0.475131 0.666801 0.151870 0.729597 -0.357367 -0.793946 0.491873
110.139206 69.598427 -80.020805 0.800000 0.700000 0.653961 -0.588715 -0.475131 0.487835 -0.151870 0.859624 -0.578232 -0.793946 0.187879
110.139206 69.598427 -80.020805 0.800000 0.700000 0.653961 -0.588715 -0.475131 0.666801 0.151870 0.729597 -0.357367 -0.793946 0.491873
110.139206 69.598427 -80.020805 0.800000 0.700000 0.653961 -0.588715 -0.475131 0.487835 -0.151870 0.859623 -0.578232 -0.793946 0.187879
136.139542 69.598427 -0.000000 0.900000 0.700000 0.808340 -0.588715 -0.000000 0.110607 0.151870 0.982192 -0.578232 -0.793946 0.187879
136.139542 69.598427 -0.000000 0.900000 0.700000 0.808340 -0.588715 -0.000000 -0.110607 -0.151870 0.982192 -0.578232 -0.793946 -0.187879
136.139542 69.598427 -0.000000 0.900000 0.700000 0.808340 -0.588715 -0.000000 0.110607 0.151870 0.982192 -0.578232 -0.793946 0.187879
136.139542 69.598427 -0.000000 0.900000 0.700000 0.808340 -0.588715 -0.000000 -0.110607 -0.151870 0.982192 -0.578232 -0.793946 -0.187879
-16.069101 8.467962 49.455585 0.200000 0.900000 -0.095271 -0.951288 0.293214 -0.995451 0.091044 -0.028063 0.000000 -0.294554 -0.955635
-16.069101 8.467962 49.455585 0.200000 0.900000 -0.095271 -0.951288 0.293214 -0.821832 -0.091044 -0.562409 0.561708 -0.294554 -0.773125
-16.069101 8.467962 49.455585 0.200000 0.900000 -0.095271 -0.951288 0.293214 -0.995451 0.091044 -0.028063 0.000000 -0.294554 -0.955635
-16.069101 8.467962 49.455585 0.200000 0.900000 -0.095271 -0.951288 0.293214 -0.821832 -0.091044 -0.562409 0.561708 -0.294554 -0.773125
129.476410 116.508919 94.070129 1.000000 0.600000 0.769247 -0.309677 0.558891 -0.559750 0.095193 0.823176 -0.308122 -0.946065 -0.100115
129.476410 116.508919 94.070129 0.000000 0.600000 0.769247 -0.309677 0.558891 -0.609914 -0.095193 0.786729 -0.190430 -0.946065 -0.262104
129.476410 116.508919 94.070129 1.000000 0.600000 0.769247 -0.309677 0.558891 -0.559750 0.095193 0.823176 -0.308122 -0.946065 -0.100115
129.476410 116.508919 94.070129 0.000000 0.600000 0.769247 -0.309677 0.558891 -0.609914 -0.095193 0.786729 -0.190430 -0.946065 -0.262104
49.455574 116.508919 152.208664 0.100000 0.600000 0.293826 -0.309677 0.904304 -0.936698 0.095193 0.336950 -0.190430 -0.946065 -0.262104
49.455574 116.508919 152.208664 0.100000 0.600000 0.293826 -0.309677 0.904304 -0.955859 -0.095193 0.277979 0.000000 -0.946065 -0.323978
49.455574 116.508919 152.208664 0.100000 0.600000 0.293826 -0.309677 0.904304 -0.936698 0.095193 0.336950 -0.190430 -0.946065 -0.262104
49.455574 116.508919 152.208664 0.100000 0.600000 0.293826 -0.309677 0.904304 -0.955859 -0.095193 0.277979 0.000000 -0.946065 -0.323978
-49.455605 116.508919 152.208649 0.200000 0.600000 -0.293826 -0.309677 0.904304 -0.955859 0.095193 -0.277979 0.000000 -0.946065 -0.323978
-49.455605 116.508919 152.208649 0.200000 0.600000 -0.293826 -0.309677 0.904304 -0.936698 -0.095193 -0.336950 0.190430 -0.946065 -0.262104
-49.455605 116.508919 152.208649 0.200000 0.600000 -0.293826 -0.309677 0.904304 -0.955859 0.095193 -0.277979 0.000000 -0.946065 -0.323978
-49.455605 116.508919 152.208649 0.200000 0.600000 -0.293826 -0.309677 0.904304 -0.936698 -0.095193 -0.336950 0.190430 -0.946065 -0.262104
-129.476425 116.508919 94.070099 0.300000 0.600000 -0.769247 -0.309678 0.558891 -0.609914 0.095193 -0.786729 0.190430 -0.946065 -0.262104
-129.476425 116.508919 94.070099 0.300000 0.600000 -0.769247 -0.309678 0.558891 -0.559750 -0.095193 -0.823176 0.308122 -0.946065 -0.100115
-129.476425 116.508919 94.070099 0.300000 0.600000 -0.769247 -0.309678 0.558891 -0.609914 0.095193 -0.786729 0.190430 -0.946065 -0.262104
-129.476425 116.508919 94.070099 0.300000 0.600000 -0.769247 -0.309678 0.558891 -0.559750 -0.095193 -0.823176 0.308122 -0.946065 -0.100115
-160.041641 116.508919 -0.000010 0.400000 0.600000 -0.950842 -0.309677 -0.000000 -0.031003 0.095193 -0.994976 0.308122 -0.946065 -0.100115
-160.041641 116.508919 -0.000010 0.400000 0.600000 -0.950842 -0.309677 -0.000000 0.031003 -0.095193 -0.994976 0.308122 -0.946065 0.100115
-160.041641 116.508919 -0.000010 0.400000 0.600000 -0.950842 -0.309677 -0.000000 -0.031003 0.095193 -0.994976 0.308122 -0.946065 -0.100115
-160.041641 116.508919 -0.000010 0.400000 0.600000 -0.950842 -0.309677 -0.000000 0.031003 -0.095193 -0.994976 0.308122 -0.946065 0.100115
-129.476410 116.508919 -94.070122 0.500000 0.600000 -0.769247 -0.309677 -0.558891 0.609914 -0.095193 -0.786729 0.190430 -0.946065 0.262104
-129.476410 116.508919 -94.070122 0.500000 0.600000 -0.769247 -0.309677 -0.558891 0.559750 0.095193 -0.823176 0.308121 -0.946065 0.100115
-129.476410 116.508919 -94.070122 0.500000 0.600000 -0.769247 -0.309677 -0.558891 0.609914 -0.095193 -0.786729 0.190430 -0.946065 0.262104
-129.476410 116.508919 -94.070122 0.500000 0.600000 -0.769247 -0.309677 -0.558891 0.559750 0.095193 -0.823176 0.308122 -0.946065 0.100115
-49.455578 116.508919 -152.208649 0.600000 0.600000 -0.293826 -0.309677 -0.904304 0.936698 0.095193 -0.336950 0.190430 -0.946065 0.262104
-49.455578 116.508919 -152.208649 0.600000 0.600000 -0.293826 -0.309677 -0.904304 0.955859 -0.095193 -0.277979 -0.000000 -0.946065 0.323978
-49.455578 116.508919 -152.208649 0.600000 0.600000 -0.293826 -0.309677 -0.904304 0.936698 0.095193 -0.336950 0.190430 -0.946065 0.262104
-49.455578 116.508919 -152.208649 0.600000 0.600000 -0.293826 -0.309677 -0.904304 0.955859 -0.095193 -0.277979 -0.000000 -0.946065 0.323978
49.455589 116.508919 -152.208633 0.700000 0.600000 0.293826 -0.309677 -0.904304 0.955859 0.095193 0.277979 -0.000000 -0.946065 0.323978
49.455589 116.508919 -152.208633 0.700000 0.600000 0.293826 -0.309677 -0.904304 0.936698 -0.095193 0.336950 -0.190430 -0.946065 0.262104
49.455589 116.508919 -152.208633 0.700000 0.600000 0.293826 -0.309677 -0.904304 0.955859 0.095193 0.277979 -0.000000 -0.946065 0.323978
49.455589 116.508919 -152.208633 0.700000 0.600000 0.293826 -0.309677 -0.904304 0.936698 -0.095193 0.336950 -0.190430 -0.946065 0.262104
129.476395 116.508919 -94.070099 0.800000 0.600000 0.769247 -0.309677 -0.558891 0.609914 0.095193 0.786729 -0.190430 -0.946065 0.262104
129.476395 116.508919 -94.070099 0.800000 0.600000 0.769247 -0.309677 -0.558891 0.559750 -0.095193 0.823176 -0.308121 -0.946065 0.100115
129.476395 116.508919 -94.070099 0.800000 0.600000 0.769247 -0.309677 -0.558891 0.609914 0.095193 0.786729 -0.190430 -0.946065 0.262104
129.476395 116.508919 -94.070099 0.800000 0.600000 0.769247 -0.309677 -0.558891 0.559750 -0.095193 0.823176 -0.308121 -0.946065 0.100115
160.041611 116.508919 -0.000000 0.900000 0.600000 0.950842 -0.309677 -0.000000 0.031003 0.095193 0.994976 -0.308122 -0.946065 0.100115
160.041611 116.508919 -0.000000 0.900000 0.600000 0.950842 -0.309677 -0.000000 -0.031003 -0.095193 0.994976 -0.308122 -0.946065 -0.100115
160.041611 116.508919 -0.000000 0.900000 0.600000 0.950842 -0.309677 -0.000000 0.031003 0.095193 0.994976 -0.308122 -0.946065 0.100115
160.041611 116.508919 -0.000000 0.900000 0.600000 0.950842 -0.309677 -0.000000 -0.031003 -0.095193 0.994976 -0.308122 -0.946065 -0.100115
-42.069439 8.467962 30.565229 0.300000 0.900000 -0.249423 -0.951288 0.181216 -0.334300 -0.091044 -0.938059 0.908863 -0.294554 -0.295307
-42.069439 8.467962 30.565229 0.300000 0.900000 -0.249423 -0.951288 0.181216 -0.788842 0.091044 -0.607815 0.561708 -0.294554 -0.773125
-42.069439 8.467962 30.565229 0.300000 0.900000 -0.249423 -0.951288 0.181216 -0.334300 -0.091044 -0.938059 0.908863 -0.294554 -0.295307
-42.069439 8.467962 30.565229 0.300000 0.900000 -0.249423 -0.951288 0.181216 -0.788842 0.091044 -0.607815 0.561708 -0.294554 -0.773125
136.139542 168.509583 98.911186 0.000000 0.500000 0.809017 0.000000 0.587785 -0.587785 0.000000 0.809017 0.000000 -1.000000 0.000000
136.139542 168.509583 98.911186 1.000000 0.500000 0.809017 0.000000 0.587785 -0.587785 -0.000000 0.809017 0.000000 -1.000000 0.000000
136.139542 168.509583 98.911186 0.000000 0.500000 0.809017 0.000000 0.587785 -0.587785 0.000000 0.809017 0.000000 -1.000000 0.000000
136.139542 168.509583 98.911186 1.000000 0.500000 0.809017 0.000000 0.587785 -0.587785 -0.000000 0.809017 0.000000 -1.000000 0.000000
52.000668 168.509583 160.041641 0.100000 0.500000 0.309017 0.000000 0.951057 -0.951057 0.000000 0.309017 -0.000000 -1.000000 0.000000
52.000668 168.509583 160.041641 0.100000 0.500000 0.309017 0.000000 0.951057 -0.951057 0.000000 0.309017 -0.000000 -1.000000 0.000000
52.000668 168.509583 160.041641 0.100000 0.500000 0.309017 0.000000 0.951057 -0.951057 0.000000 0.309017 -0.000000 -1.000000 0.000000
52.000668 168.509583 160.041641 0.100000 0.500000 0.309017 0.000000 0.951057 -0.951057 0.000000 0.309017 -0.000000 -1.000000 0.000000
-52.000702 168.509583 160.041626 0.200000 0.500000 -0.309017 0.000000 0.951057 -0.951056 0.000000 -0.309017 -0.000000 -1.000000 0.000000
-52.000702 168.509583 160.041626 0.200000 0.500000 -0.309017 0.000000 0.951057 -0.951057 0.000000 -0.309017 -0.000000 -1.000000 0.000000
-52.000702 168.509583 160.041626 0.200000 0.500000 -0.309017 0.000000 0.951057 -0.951056 0.000000 -0.309017 -0.000000 -1.000000 0.000000
-52.000702 168.509583 160.041626 0.200000 0.500000 -0.309017 0.000000 0.951057 -0.951057 0.000000 -0.309017 -0.000000 -1.000000 0.000000
-136.139572 168.509583 98.911156 0.300000 0.500000 -0.809017 0.000000 0.587785 -0.587785 0.000000 -0.809017 -0.000000 -1.000000 0.000000
-136.139572 168.509583 98.911156 0.300000 0.500000 -0.809017 0.000000 0.587785 -0.587785 0.000000 -0.809017 -0.000000 -1.000000 0.000000
-136.139572 168.509583 98.911156 0.300000 0.500000 -0.809017 0.000000 0.587785 -0.587785 0.000000 -0.809017 -0.000000 -1.000000 0.000000
-136.139572 168.509583 98.911156 0.300000 0.500000 -0.809017 0.000000 0.587785 -0.587785 0.000000 -0.809017 -0.000000 -1.000000 0.000000
-168.277740 168.509583 -0.000010 0.400000 0.500000 -1.000000 0.000000 -0.000000 0.000000 -0.000000 -1.000000 -0.000000 -1.000000 0.000000
-168.277740 168.509583 -0.000010 0.400000 0.500000 -1.000000 0.000000 -0.000000 0.000000 0.000000 -1.000000 -0.000000 -1.000000 -0.000000
-168.277740 168.509583 -0.000010 0.400000 0.500000 -1.000000 0.000000 -0.000000 0.000000 -0.000000 -1.000000 -0.000000 -1.000000 0.000000
-168.277740 168.509583 -0.000010 0.400000 0.500000 -1.000000 0.000000 -0.000000 0.000000 0.000000 -1.000000 -0.000000 -1.000000 -0.000000
-136.139542 168.509583 -98.911179 0.500000 0.500000 -0.809017 0.000000 -0.587785 0.587785 -0.000000 -0.809017 -0.000000 -1.000000 -0.000000
-136.139542 168.509583 -98.911179 0.500000 0.500000 -0.809017 0.000000 -0.587785 0.587785 0.000000 -0.809017 -0.000000 -1.000000 -0.000000
-136.139542 168.509583 -98.911179 0.500000 0.500000 -0.809017 0.000000 -0.587785 0.587785 -0.000000 -0.809017 -0.000000 -1.000000 -0.000000
-136.139542 168.509583 -98.911179 0.500000 0.500000 -0.809017 0.000000 -0.587785 0.587785 0.000000 -0.809017 -0.000000 -1.000000 -0.000000
-52.000671 168.509583 -160.041626 0.600000 0.500000 -0.309017 0.000000 -0.951057 0.951057 0.000000 -0.309017 -0.000000 -1.000000 -0.000000
-52.000671 168.509583 -160.041626 0.600000 0.500000 -0.309017 0.000000 -0.951057 0.951057 0.000000 -0.309017 -0.000000 -1.000000 -0.000000
-52.000671 168.509583 -160.041626 0.600000 0.500000 -0.309017 0.000000 -0.951057 0.951057 0.000000 -0.309017 -0.000000 -1.000000 -0.000000
-52.000671 168.509583 -160.041626 0.600000 0.500000 -0.309017 0.000000 -0.951057 0.951057 0.000000 -0.309017 -0.000000 -1.000000 -0.000000
52.000683 168.509583 -160.041611 0.700000 0.500000 0.309017 0.000000 -0.951057 0.951056 0.000000 0.309017 0.000000 -1.000000 0.000000
52.000683 168.509583 -160.041611 0.700000 0.500000 0.309017 0.000000 -0.951057 0.951057 0.000000 0.309017 0.000000 -1.000000 0.000000
52.000683 168.509583 -160.041611 0.700000 0.500000 0.309017 0.000000 -0.951057 0.951056 0.000000 0.309017 0.000000 -1.000000 0.000000
52.000683 168.509583 -160.041611 0.700000 0.500000 0.309017 0.000000 -0.951057 0.951057 0.000000 0.309017 0.000000 -1.000000 0.000000
136.139542 168.509583 -98.911156 0.800000 0.500000 0.809017 0.000000 -0.587785 0.587785 0.000000 0.809017 0.000000 -1.000000 0.000000
136.139542 168.509583 -98.911156 0.800000 0.500000 0.809017 0.000000 -0.587785 0.587785 0.000000 0.809017 0.000000 -1.000000 0.000000
136.139542 168.509583 -98.911156 0.800000 0.500000 0.809017 0.000000 -0.587785 0.587785 0.000000 0.809017 0.000000 -1.000000 0.000000
136.139542 168.509583 -98.911156 0.800000 0.500000 0.809017 0.000000 -0.587785 0.587785 0.000000 0.809017 0.000000 -1.000000 0.000000
168.277725 168.509583 -0.000000 0.900000 0.500000 1.000000 0.000000 -0.000000 0.000000 -0.000000 1.000000 0.000000 -1.000000 -0.000000
168.277725 168.509583 -0.000000 0.900000 0.500000 1.000000 0.000000 -0.000000 0.000000 0.000000 1.000000 0.000000 -1.000000 0.000000
168.277725 168.509583 -0.000000 0.900000 0.500000 1.000000 0.000000 -0.000000 0.000000 -0.000000 1.000000 0.000000 -1.000000 -0.000000
168.277725 168.509583 -0.000000 0.900000 0.500000 1.000000 0.000000 -0.000000 0.000000 0.000000 1.000000 0.000000 -1.000000 0.000000
-52.000683 8.467962 -0.000003 0.400000 0.900000 -0.308303 -0.951288 -0.000000 -0.280922 0.091044 -0.955402 0.908863 -0.294554 -0.295307
-52.000683 8.467962 -0.000003 0.400000 0.900000 -0.308303 -0.951288 -0.000000 0.280923 -0.091044 -0.955402 0.908863 -0.294554 0.295308
-52.000683 8.467962 -0.000003 0.400000 0.900000 -0.308303 -0.951288 -0.000000 -0.280922 0.091044 -0.955402 0.908863 -0.294554 -0.295307
-52.000683 8.467962 -0.000003 0.400000 0.900000 -0.308303 -0.951288 -0.000000 0.280923 -0.091044 -0.955402 0.908863 -0.294554 0.295308
129.476410 220.510254 94.070129 0.000000 0.400000 0.769247 0.309677 0.558891 -0.609914 0.095193 0.786729 0.190430 -0.946065 0.262104
129.476410 220.510254 94.070129 1.000000 0.400000 0.769247 0.309677 0.558891 -0.559750 -0.095193 0.823176 0.308122 -0.946065 0.100115
129.476410 220.510254 94.070129 0.000000 0.400000 0.769247 0.309677 0.558891 -0.609914 0.095193 0.786729 0.190430 -0.946065 0.262104
129.476410 220.510254 94.070129 1.000000 0.400000 0.769247 0.309677 0.558891 -0.559750 -0.095193 0.823176 0.308122 -0.946065 0.100115
49.455574 220.510254 152.208664 0.100000 0.400000 0.293826 0.309677 0.904304 -0.936698 -0.095193 0.336950 0.190430 -0.946065 0.262104
49.455574 220.510254 152.208664 0.100000 0.400000 0.293826 0.309677 0.904304 -0.955859 0.095193 0.277979 -0.000000 -0.946065 0.323978
49.455574 220.510254 152.208664 0.100000 0.400000 0.293826 0.309677 0.904304 -0.936698 -0.095193 0.336950 0.190430 -0.946065 0.262104
49.455574 220.510254 152.208664 0.100000 0.400000 0.293826 0.309677 0.904304 -0.955859 0.095193 0.277979 -0.000000 -0.946065 0.323978
-49.455605 220.510254 152.208649 0.200000 0.400000 -0.293826 0.309677 0.904304 -0.955859 -0.095193 -0.277979 -0.000000 -0.946065 0.323978
-49.455605 220.510254 152.208649 0.200000 0.400000 -0.293826 0.309677 0.904304 -0.936698 0.095193 -0.336950 -0.190430 -0.946065 0.262104
-49.455605 220.510254 152.208649 0.200000 0.400000 -0.293826 0.309677 0.904304 -0.955859 -0.095193 -0.277979 -0.000000 -0.946065 0.323978
-49.455605 220.510254 152.208649 0.200000 0.400000 -0.293826 0.309677 0.904304 -0.936698 0.095193 -0.336951 -0.190430 -0.946065 0.262104
-129.476425 220.510254 94.070099 0.300000 0.400000 -0.769247 0.309678 0.558891 -0.609914 -0.095193 -0.786729 -0.190430 -0.946065 0.262104
-129.476425 220.510254 94.070099 0.300000 0.400000 -0.769247 0.309678 0.558891 -0.559750 0.095193 -0.823176 -0.308122 -0.946065 0.100115
-129.476425 220.510254 94.070099 0.300000 0.400000 -0.769247 0.309678 0.558891 -0.609914 -0.095193 -0.786729 -0.190430 -0.946065 0.262104
-129.476425 220.510254 94.070099 0.300000 0.400000 -0.769247 0.309678 0.558891 -0.559750 0.095193 -0.823176 -0.308122 -0.946065 0.100115
-160.041641 220.510254 -0.000010 0.400000 0.400000 -0.950842 0.309678 -0.000000 -0.031003 -0.095193 -0.994976 -0.308122 -0.946065 0.100115
-160.041641 220.510254 -0.000010 0.400000 0.400000 -0.950842 0.309678 -0.000000 0.031003 0.095193 -0.994976 -0.308122 -0.946065 -0.100115
-160.041641 220.510254 -0.000010 0.400000 0.400000 -0.950842 0.309678 -0.000000 -0.031003 -0.095193 -0.994976 -0.308122 -0.946065 0.100115
-160.041641 220.510254 -0.000010 0.400000 0.400000 -0.950842 0.309678 -0.000000 0.031003 0.095193 -0.994976 -0.308122 -0.946065 -0.100115
-129.476410 220.510254 -94.070122 0.500000 0.400000 -0.769247 0.309677 -0.558891 0.559750 -0.095193 -0.823176 -0.308122 -0.946065 -0.100115
-129.476410 220.510254 -94.070122 0.500000 0.400000 -0.769247 0.309677 -0.558891 0.609914 0.095193 -0.786729 -0.190430 -0.946065 -0.262104
-129.476410 220.510254 -94.070122 0.500000 0.400000 -0.769247 0.309677 -0.558891 0.559750 -0.095193 -0.823176 -0.308122 -0.946065 -0.100115
-129.476410 220.510254 -94.070122 0.500000 0.400000 -0.769247 0.309677 -0.558891 0.609914 0.095193 -0.786729 -0.190430 -0.946065 -0.262104
-49.455578 220.510254 -152.208649 0.600000 0.400000 -0.293826 0.309677 -0.904304 0.936698 -0.095193 -0.336950 -0.190430 -0.946065 -0.262104
-49.455578 220.510254 -152.208649 0.600000 0.400000 -0.293826 0.309677 -0.904304 0.955859 0.095193 -0.277979 0.000000 -0.946065 -0.323978
-49.455578 220.510254 -152.208649 0.600000 0.400000 -0.293826 0.309677 -0.904304 0.936698 -0.095193 -0.336950 -0.190430 -0.946065 -0.262104
-49.455578 220.510254 -152.208649 0.600000 0.400000 -0.293826 0.309677 -0.904304 0.955859 0.095193 -0.277979 0.000000 -0.946065 -0.323978
49.455589 220.510254 -152.208633 0.700000 0.400000 0.293826 0.309677 -0.904304 0.955859 -0.095193 0.277979 0.000000 -0.946065 -0.323978
49.455589 220.510254 -152.208633 0.700000 0.400000 0.293826 0.309677 -0.904304 0.936698 0.095193 0.336950 0.190430 -0.946065 -0.262104
49.455589 220.510254 -152.208633 0.700000 0.400000 0.293826 0.309677 -0.904304 0.955859 -0.095193 0.277979 0.000000 -0.946065 -0.323978
49.455589 220.510254 -152.208633 0.700000 0.400000 0.293826 0.309677 -0.904304 0.936698 0.095193 0.336950 0.190430 -0.946065 -0.262104
129.476395 220.510254 -94.070099 0.800000 0.400000 0.769247 0.309677 -0.558891 0.609914 -0.095193 0.786729 0.190430 -0.946065 -0.262104
129.476395 220.510254 -94.070099 0.800000 0.400000 0.769247 0.309677 -0.558891 0.559750 0.095193 0.823176 0.308121 -0.946065 -0.100115
129.476395 220.510254 -94.070099 0.800000 0.400000 0.769247 0.309677 -0.558891 0.609914 -0.095193 0.786729 0.190430 -0.946065 -0.262104
129.476395 220.510254 -94.070099 0.800000 0.400000 0.769247 0.309677 -0.558891 0.559750 0.095193 0.823176 0.308121 -0.946065 -0.100115
160.041611 220.510254 -0.000000 0.900000 0.400000 0.950842 0.309677 -0.000000 0.031003 -0.095193 0.994976 0.308122 -0.946065 -0.100115
160.041611 220.510254 -0.000000 0.900000 0.400000 0.950842 0.309677 -0.000000 -0.031003 0.095193 0.994976 0.308122 -0.946065 0.100115
160.041611 220.510254 -0.000000 0.900000 0.400000 0.950842 0.309677 -0.000000 0.031003 -0.095193 0.994976 0.308122 -0.946065 -0.100115
160.041611 220.510254 -0.000000 0.900000 0.400000 0.950842 0.309677 -0.000000 -0.031003 0.095193 0.994976 0.308122 -0.946065 0.100115
-42.069435 8.467962 -30.565237 0.500000 0.900000 -0.249423 -0.951288 -0.181216 0.334300 0.091044 -0.938059 0.908863 -0.294554 0.295308
-42.069435 8.467962 -30.565237 0.500000 0.900000 -0.249423 -0.951288 -0.181216 0.788843 -0.091044 -0.607815 0.561708 -0.294554 0.773125
-42.069435 8.467962 -30.565237 0.500000 0.900000 -0.249423 -0.951288 -0.181216 0.334300 0.091044 -0.938059 0.908863 -0.294554 0.295307
-42.069435 8.467962 -30.565237 0.500000 0.900000 -0.249423 -0.951288 -0.181216 0.788842 -0.091044 -0.607815 0.561708 -0.294554 0.773125
110.139206 267.420746 80.020828 0.000000 0.300000 0.653961 0.588715 0.475131 -0.666801 0.151870 0.729597 0.357367 -0.793946 0.491873
110.139206 267.420746 80.020828 1.000000 0.300000 0.653961 0.588715 0.475131 -0.487835 -0.151870 0.859623 0.578232 -0.793946 0.187879
110.139206 267.420746 80.020828 0.000000 0.300000 0.653961 0.588715 0.475131 -0.666801 0.151870 0.729597 0.357367 -0.793946 0.491873
110.139206 267.420746 80.020828 1.000000 0.300000 0.653961 0.588715 0.475131 -0.487835 -0.151870 0.859623 0.578232 -0.793946 0.187879
42.069424 267.420746 129.476425 0.100000 0.300000 0.249791 0.588715 0.768777 -0.899941 -0.151870 0.408708 0.357367 -0.793946 0.491873
42.069424 267.420746 129.476425 0.100000 0.300000 0.249791 0.588715 0.768777 -0.968300 0.151870 0.198320 -0.000000 -0.793946 0.607989
42.069424 267.420746 129.476425 0.100000 0.300000 0.249791 0.588715 0.768777 -0.899941 -0.151870 0.408708 0.357367 -0.793946 0.491873
42.069424 267.420746 129.476425 0.100000 0.300000 0.249791 0.588715 0.768777 -0.968300 0.151870 0.198320 -0.000000 -0.793946 0.607989
-42.069450 267.420746 129.476410 0.200000 0.300000 -0.249791 0.588715 0.768777 -0.968300 -0.151870 -0.198321 -0.000000 -0.793946 0.607989
-42.069450 267.420746 129.476410 0.200000 0.300000 -0.249791 0.588715 0.768777 -0.899941 0.151870 -0.408708 -0.357367 -0.793946 0.491873
-42.069450 267.420746 129.476410 0.200000 0.300000 -0.249791 0.588715 0.768777 -0.968300 -0.151870 -0.198321 -0.000000 -0.793946 0.607989
-42.069450 267.420746 129.476410 0.200000 0.300000 -0.249791 0.588715 0.768777 -0.899941 0.151870 -0.408708 -0.357367 -0.793946 0.491873
-110.139221 267.420746 80.020805 0.300000 0.300000 -0.653961 0.588715 0.475131 -0.666801 -0.151870 -0.729597 -0.357367 -0.793946 0.491873
-110.139221 267.420746 80.020805 0.300000 0.300000 -0.653961 0.588715 0.475131 -0.487835 0.151870 -0.859623 -0.578232 -0.793946 0.187879
-110.139221 267.420746 80.020805 0.300000 0.300000 -0.653961 0.588715 0.475131 -0.666801 -0.151870 -0.729597 -0.357367 -0.793946 0.491873
-110.139221 267.420746 80.020805 0.300000 0.300000 -0.653961 0.588715 0.475131 -0.487835 0.151870 -0.859623 -0.578232 -0.793946 0.187879
-136.139557 267.420746 -0.000008 0.400000 0.300000 -0.808340 0.588715 -0.000000 -0.110607 -0.151870 -0.982192 -0.578232 -0.793946 0.187879
-136.139557 267.420746 -0.000008 0.400000 0.300000 -0.808340 0.588715 -0.000000 0.110607 0.151870 -0.982192 -0.578232 -0.793946 -0.187879
-136.139557 267.420746 -0.000008 0.400000 0.300000 -0.808340 0.588715 -0.000000 -0.110607 -0.151870 -0.982192 -0.578232 -0.793946 0.187879
-136.139557 267.420746 -0.000008 0.400000 0.300000 -0.808340 0.588715 -0.000000 0.110607 0.151870 -0.982192 -0.578232 -0.793946 -0.187879
-110.139206 267.420746 -80.020821 0.500000 0.300000 -0.653961 0.588715 -0.475131 0.487835 -0.151870 -0.859623 -0.578232 -0.793946 -0.187879
-110.139206 267.420746 -80.020821 0.500000 0.300000 -0.653961 0.588715 -0.475131 0.666801 0.151870 -0.729597 -0.357367 -0.793946 -0.491873
-110.139206 267.420746 -80.020821 0.500000 0.300000 -0.653961 0.588715 -0.475131 0.487835 -0.151870 -0.859623 -0.578232 -0.793946 -0.187879
-110.139206 267.420746 -80.020821 0.500000 0.300000 -0.653961 0.588715 -0.475131 0.666801 0.151870 -0.729597 -0.357367 -0.793946 -0.491873
-42.069427 267.420746 -129.476410 0.600000 0.300000 -0.249791 0.588715 -0.768778 0.899941 -0.151870 -0.408708 -0.357367 -0.793946 -0.491873
-42.069427 267.420746 -129.476410 0.600000 0.300000 -0.249791 0.588715 -0.768778 0.968300 0.151870 -0.198320 0.000000 -0.793946 -0.607989
-42.069427 267.420746 -129.476410 0.600000 0.300000 -0.249791 0.588715 -0.768778 0.899941 -0.151870 -0.408708 -0.357367 -0.793946 -0.491873
-42.069427 267.420746 -129.476410 0.600000 0.300000 -0.249791 0.588715 -0.768778 0.968300 0.151870 -0.198320 0.000000 -0.793946 -0.607989
42.069435 267.420746 -129.476395 0.700000 0.300000 0.249791 0.588715 -0.768777 0.968300 -0.151870 0.198321 0.000000 -0.793946 -0.607989
42.069435 267.420746 -129.476395 0.700000 0.300000 0.249791 0.588715 -0.768777 0.899941 0.151870 0.408708 0.357367 -0.793946 -0.491873
42.069435 267.420746 -129.476395 0.700000 0.300000 0.249791 0.588715 -0.768777 0.968300 -0.151870 0.198321 0.000000 -0.793946 -0.607989
42.069435 267.420746 -129.476395 0.700000 0.300000 0.249791 0.588715 -0.768777 0.899941 0.151870 0.408708 0.357367 -0.793946 -0.491873
110.139206 267.420746 -80.020805 0.800000 0.300000 0.653961 0.588715 -0.475131 0.666801 -0.151870 0.729597 0.357367 -0.793946 -0.491873
110.139206 267.420746 -80.020805 0.800000 0.300000 0.653961 0.588715 -0.475131 0.487835 0.151870 0.859623 0.578232 -0.793946 -0.187879
110.139206 267.420746 -80.020805 0.800000 0.300000 0.653961 0.588715 -0.475131 0.666801 -0.151870 0.729597 0.357367 -0.793946 -0.491873
110.139206 267.420746 -80.020805 0.800000 0.300000 0.653961 0.588715 -0.475131 0.487835 0.151870 0.859623 0.578232 -0.793946 -0.187879
136.139542 267.420746 -0.000000 0.900000 0.300000 0.808340 0.588715 -0.000000 0.110607 -0.151870 0.982192 0.578232 -0.793946 -0.187879
136.139542 267.420746 -0.000000 0.900000 0.300000 0.808340 0.588715 -0.000000 -0.110607 0.151870 0.982192 0.578232 -0.793946 0.187879
136.139542 267.420746 -0.000000 0.900000 0.300000 0.808340 0.588715 -0.000000 0.110607 -0.151870 0.982192 0.578232 -0.793946 -0.187879
136.139542 267.420746 -0.000000 0.900000 0.300000 0.808340 0.588715 -0.000000 -0.110607 0.151870 0.982192 0.578232 -0.793946 0.187879
-16.069092 8.467962 -49.455585 0.600000 0.900000 -0.095271 -0.951288 -0.293214 0.821832 0.091044 -0.562409 0.561708 -0.294554 0.773125
-16.069092 8.467962 -49.455585 0.600000 0.900000 -0.095271 -0.951288 -0.293214 0.995451 -0.091044 -0.028062 -0.000000 -0.294554 0.955635
-16.069092 8.467962 -49.455585 0.600000 0.900000 -0.095271 -0.951288 -0.293214 0.821832 0.091044 -0.562409 0.561708 -0.294554 0.773125
-16.069092 8.467962 -49.455585 0.600000 0.900000 -0.095271 -0.951288 -0.293214 0.995451 -0.091044 -0.028062 -0.000000 -0.294554 0.955635
80.020813 304.649139 58.138538 0.000000 0.200000 0.474753 0.809713 0.344928 -0.735113 0.149308 0.661298 0.483961 -0.567514 0.666115
80.020813 304.649139 58.138538 1.000000 0.200000 0.474753 0.809713 0.344928 -0.401769 -0.149308 0.903487 0.783065 -0.567514 0.254433
80.020813 304.649139 58.138538 0.000000 0.200000 0.474753 0.809713 0.344928 -0.735113 0.149308 0.661298 0.483961 -0.567514 0.666115
80.020813 304.649139 58.138538 1.000000 0.200000 0.474753 0.809713 0.344928 -0.401769 -0.149308 0.903487 0.783065 -0.567514 0.254433
30.565224 304.649139 94.070122 0.100000 0.200000 0.181339 0.809713 0.558105 -0.856095 -0.149308 0.494782 0.483961 -0.567514 0.666115
30.565224 304.649139 94.070122 0.100000 0.200000 0.181339 0.809713 0.558105 -0.983421 0.149308 0.102913 -0.000000 -0.567514 0.823364
30.565224 304.649139 94.070122 0.100000 0.200000 0.181339 0.809713 0.558105 -0.856095 -0.149308 0.494782 0.483961 -0.567514 0.666115
30.565224 304.649139 94.070122 0.100000 0.200000 0.181339 0.809713 0.558105 -0.983421 0.149308 0.102913 -0.000000 -0.567514 0.823364
-30.565245 304.649139 94.070114 0.200000 0.200000 -0.181339 0.809713 0.558105 -0.983421 -0.149308 -0.102913 -0.000000 -0.567514 0.823364
-30.565245 304.649139 94.070114 0.200000 0.200000 -0.181339 0.809713 0.558105 -0.856094 0.149308 -0.494782 -0.483961 -0.567514 0.666115
-30.565245 304.649139 94.070114 0.200000 0.200000 -0.181339 0.809713 0.558105 -0.983421 -0.149308 -0.102913 -0.000000 -0.567514 0.823364
-30.565245 304.649139 94.070114 0.200000 0.200000 -0.181339 0.809713 0.558105 -0.856094 0.149308 -0.494782 -0.483961 -0.567514 0.666115
-80.020821 304.649139 58.138523 0.300000 0.200000 -0.474753 0.809713 0.344928 -0.735113 -0.149308 -0.661298 -0.483961 -0.567514 0.666115
-80.020821 304.649139 58.138523 0.300000 0.200000 -0.474753 0.809713 0.344928 -0.401769 0.149308 -0.903487 -0.783065 -0.567514 0.254433
-80.020821 304.649139 58.138523 0.300000 0.200000 -0.474753 0.809713 0.344928 -0.735113 -0.149308 -0.661298 -0.483961 -0.567514 0.666115
-80.020821 304.649139 58.138523 0.300000 0.200000 -0.474753 0.809713 0.344928 -0.401769 0.149308 -0.903487 -0.783065 -0.567514 0.254433
-98.911171 304.649139 -0.000006 0.400000 0.200000 -0.586827 0.809713 -0.000000 -0.206018 -0.149308 -0.967090 -0.783065 -0.567514 0.254433
-98.911171 304.649139 -0.000006 0.400000 0.200000 -0.586827 0.809713 -0.000000 0.206018 0.149308 -0.967090 -0.783065 -0.567514 -0.254433
-98.911171 304.649139 -0.000006 0.400000 0.200000 -0.586827 0.809713 -0.000000 -0.206018 -0.149308 -0.967090 -0.783065 -0.567514 0.254433
-98.911171 304.649139 -0.000006 0.400000 0.200000 -0.586827 0.809713 -0.000000 0.206018 0.149308 -0.967090 -0.783065 -0.567514 -0.254433
-80.020813 304.649139 -58.138535 0.500000 0.200000 -0.474753 0.809713 -0.344928 0.401770 -0.149308 -0.903487 -0.783065 -0.567514 -0.254433
-80.020813 304.649139 -58.138535 0.500000 0.200000 -0.474753 0.809713 -0.344928 0.735113 0.149308 -0.661298 -0.483961 -0.567514 -0.666115
-80.020813 304.649139 -58.138535 0.500000 0.200000 -0.474753 0.809713 -0.344928 0.401770 -0.149308 -0.903487 -0.783065 -0.567514 -0.254433
-80.020813 304.649139 -58.138535 0.500000 0.200000 -0.474753 0.809713 -0.344928 0.735113 0.149308 -0.661298 -0.483961 -0.567514 -0.666115
-30.565226 304.649139 -94.070114 0.600000 0.200000 -0.181339 0.809713 -0.558105 0.856095 -0.149308 -0.494782 -0.483961 -0.567514 -0.666115
