VertexCount: 14
TriangleCount: 12
Vertices
337.195923 11.260336 -332.476135 0.003273 0.954598 0.662641 0.000000 -0.748937 0.748937 0.000000 0.662641 0.000000 -1.000000 0.000000
518.890747 102.697189 -86.914894 0.500987 0.043381 0.948333 0.000000 -0.317277 0.317277 0.000000 0.948333 0.000000 -1.000000 0.000000
541.252319 102.697189 13.965698 0.666891 0.043381 0.993575 0.000000 -0.113174 0.113174 0.000000 0.993575 0.000000 -1.000000 0.000000
542.151001 102.697189 117.291214 0.832796 0.043381 0.995393 0.000000 0.095874 -0.095874 0.000000 0.995393 -0.000000 -1.000000 0.000000
521.547607 102.697189 218.545563 0.998700 0.043381 0.979919 0.000000 0.199396 -0.199396 0.000000 0.979919 -0.000000 -1.000000 0.000000
414.583069 11.260336 -264.005859 0.169177 0.954598 0.737297 0.000000 -0.675569 0.675569 0.000000 0.737297 0.000000 -1.000000 0.000000
476.043365 11.260336 -180.941971 0.335082 0.954598 0.861644 0.000000 -0.507514 0.507514 0.000000 0.861644 0.000000 -1.000000 0.000000
518.890747 11.260338 -86.914894 0.500987 0.954598 0.948333 0.000000 -0.317277 0.317277 0.000000 0.948333 0.000000 -1.000000 0.000000
541.252319 11.260340 13.965698 0.666891 0.954598 0.993575 0.000000 -0.113174 0.113174 0.000000 0.993575 0.000000 -1.000000 0.000000
542.151001 11.260342 117.291214 0.832796 0.954598 0.995393 0.000000 0.095874 -0.095874 0.000000 0.995393 -0.000000 -1.000000 0.000000
521.547607 11.260344 218.545563 0.998700 0.954598 0.979919 0.000000 0.199396 -0.199396 0.000000 0.979919 -0.000000 -1.000000 0.000000
337.195923 102.697182 -332.476135 0.003273 0.043381 0.662641 0.000000 -0.748937 0.748937 0.000000 0.662641 0.000000 -1.000000 0.000000
414.583069 102.697182 -264.005859 0.169177 0.043381 0.737297 0.000000 -0.675569 0.675569 0.000000 0.737297 0.000000 -1.000000 0.000000
476.043365 102.697182 -180.941971 0.335082 0.043381 0.861644 0.000000 -0.507514 0.507514 0.000000 0.861644 0.000000 -1.000000 0.000000
Indices
11
5 0 12
5 11 12
6 5 13
6 12 13
7 6 1
7 13 1
8 7 2
8 1 2
9 8 3
9 2 3
10 9 4
10 3