VertexCount: 14
TriangleCount: 12
Vertices
-418.563782 11.260357 226.722900 0.497223 0.957204 -0.948332 0.000000 0.317280 -0.317280 0.000000 -0.948332 -0.000000 -1.000000 -0.000000
-421.220795 102.697205 -78.737762 0.990545 0.050652 -0.979919 0.000000 -0.199397 0.199397 0.000000 -0.979919 -0.000000 -1.000000 -0.000000
-236.868713 102.697212 472.283752 0.003901 0.050652 -0.662641 0.000000 0.748938 -0.748938 0.000000 -0.662641 -0.000000 -1.000000 0.000000
-314.255981 102.697212 403.813507 0.168342 0.050652 -0.737297 0.000000 0.675569 -0.675569 0.000000 -0.737297 -0.000000 -1.000000 0.000000
-375.716156 102.697212 320.749664 0.332783 0.050652 -0.861643 0.000000 0.507515 -0.507515 -0.000000 -0.861643 0.000000 -1.000000 0.000000
-440.925598 11.260361 125.842300 0.661663 0.957204 -0.993575 0.000000 0.113175 -0.113175 -0.000000 -0.993575 0.000000 -1.000000 0.000000
-441.824341 11.260357 22.516693 0.826104 0.957204 -0.995393 0.000000 -0.095875 0.095875 -0.000000 -0.995393 -0.000000 -1.000000 0.000000
-421.220795 11.260353 -78.737762 0.990545 0.957204 -0.979919 0.000000 -0.199397 0.199397 -0.000000 -0.979919 -0.000000 -1.000000 0.000000
-236.868713 11.260361 472.283752 0.003901 0.957204 -0.662641 0.000000 0.748938 -0.748938 0.000000 -0.662641 -0.000000 -1.000000 0.000000
-314.255981 11.260361 403.813507 0.168342 0.957204 -0.737297 0.000000 0.675569 -0.675569 0.000000 -0.737297 -0.000000 -1.000000 0.000000
-375.716156 11.260361 320.749664 0.332783 0.957204 -0.861643 0.000000 0.507515 -0.507515 -0.000000 -0.861643 0.000000 -1.000000 0.000000
-418.563782 102.697212 226.722900 0.497223 0.050652 -0.948332 0.000000 0.317280 -0.317280 -0.000000 -0.948332 0.000000 -1.000000 0.000000
-440.925598 102.697205 125.842300 0.661663 0.050652 -0.993575 0.000000 0.113175 -0.113175 -0.000000 -0.993575 0.000000 -1.000000 0.000000
-441.824341 102.697205 22.516693 0.826104 0.050652 -0.995393 0.000000 -0.095875 0.095875 -0.000000 -0.995393 -0.000000 -1.000000 0.000000
Indices
11
5 0 12
5 11 12
6 5 13
6 12 13
7 6 1
7 13 2
9 8 3
9 2 3
10 9 4
10 3 4
0 10 11
0 4