VertexCount: 14
TriangleCount: 12
Vertices
480.342407 11.260345 313.303680 0.999649 0.969435 0.814098 0.000000 0.580728 0.580728 -0.000000 -0.814098 -0.000000 -1.000000 0.000000
255.118805 102.697205 519.671265 0.501023 0.054399 0.414667 0.000000 0.909973 0.909973 -0.000000 -0.414667 -0.000000 -1.000000 0.000000
157.128052 102.697205 552.455261 0.334814 0.054399 0.216410 0.000000 0.976303 0.976303 -0.000000 -0.216410 -0.000000 -1.000000 0.000000
54.462524 102.697205 564.149292 0.168605 0.054399 0.008697 0.000000 0.999962 0.999962 -0.000000 -0.008697 -0.000000 -1.000000 0.000000
-48.390839 102.697212 554.242737 0.002397 0.054399 -0.095874 0.000000 0.995394 0.995394 -0.000000 0.095874 -0.000000 -1.000000 -0.000000
420.336182 11.260349 397.423920 0.833440 0.969435 0.748937 0.000000 0.662642 0.662642 -0.000000 -0.748937 -0.000000 -1.000000 0.000000
344.151855 11.260349 467.230133 0.667232 0.969435 0.594801 0.000000 0.803873 0.803873 -0.000000 -0.594801 -0.000000 -1.000000 0.000000
255.118805 11.260353 519.671265 0.501023 0.969435 0.414667 0.000000 0.909973 0.909973 -0.000000 -0.414667 -0.000000 -1.000000 0.000000
157.128052 11.260359 552.455261 0.334814 0.969435 0.216410 0.000000 0.976303 0.976303 -0.000000 -0.216410 -0.000000 -1.000000 0.000000
54.462524 11.260363 564.149292 0.168605 0.969435 0.008697 0.000000 0.999962 0.999962 0.000000 -0.008697 0.000000 -1.000000 -0.000000
-48.390839 11.260359 554.242737 0.002397 0.969435 -0.095874 0.000000 0.995394 0.995394 -0.000000 0.095874 -0.000000 -1.000000 -0.000000
480.342407 102.697197 313.303680 0.999649 0.054399 0.814098 0.000000 0.580728 0.580728 -0.000000 -0.814098 -0.000000 -1.000000 0.000000
420.336182 102.697197 397.423920 0.833440 0.054399 0.748937 0.000000 0.662642 0.662642 -0.000000 -0.748937 -0.000000 -1.000000 0.000000
344.151855 102.697205 467.230133 0.667232 0.054399 0.594801 0.000000 0.803873 0.803873 -0.000000 -0.594801 -0.000000 -1.000000 0.000000
Indices
11
5 0 12
5 11 12
6 5 13
6 12 13
7 6 1
7 13 1
8 7 2
8 1 2
9 8 3
9 2 3
10 9 4
10 3