VertexCount: 14
TriangleCount: 12
Vertices
-380.015625 11.260351 -173.495941 0.001264 0.938233 -0.814098 0.000000 -0.580727 0.580727 -0.000000 -0.814098 -0.000000 -1.000000 0.000000
-154.791748 102.697189 -379.863464 0.497421 0.048764 -0.414667 0.000000 -0.909973 0.909973 -0.000000 -0.414667 -0.000000 -1.000000 0.000000
-56.801041 102.697189 -412.647614 0.662806 0.048764 -0.216412 0.000000 -0.976302 0.976302 -0.000000 -0.216412 -0.000000 -1.000000 0.000000
45.864487 102.697189 -424.341827 0.828192 0.048764 -0.008697 0.000000 -0.999962 0.999962 -0.000000 -0.008697 -0.000000 -1.000000 0.000000
148.717865 102.697189 -414.435120 0.993578 0.048764 0.095875 0.000000 -0.995393 0.995393 0.000000 0.095875 0.000000 -1.000000 0.000000
-320.009369 11.260349 -257.616333 0.166650 0.938233 -0.748936 0.000000 -0.662642 0.662642 -0.000000 -0.748936 -0.000000 -1.000000 0.000000
-243.824966 11.260345 -327.422302 0.332035 0.938233 -0.594799 0.000000 -0.803874 0.803874 -0.000000 -0.594799 -0.000000 -1.000000 0.000000
-154.791748 11.260344 -379.863464 0.497421 0.938233 -0.414667 0.000000 -0.909973 0.909973 -0.000000 -0.414667 -0.000000 -1.000000 0.000000
-56.801041 11.260342 -412.647614 0.662806 0.938233 -0.216412 0.000000 -0.976302 0.976302 -0.000000 -0.216412 -0.000000 -1.000000 0.000000
45.864487 11.260340 -424.341827 0.828192 0.938233 -0.008697 0.000000 -0.999962 0.999962 -0.000000 -0.008697 -0.000000 -1.000000 0.000000
148.717865 11.260338 -414.435120 0.993578 0.938233 0.095875 0.000000 -0.995393 0.995393 -0.000000 0.095875 -0.000000 -1.000000 -0.000000
-380.015625 102.697197 -173.495941 0.001264 0.048764 -0.814098 0.000000 -0.580727 0.580727 -0.000000 -0.814098 -0.000000 -1.000000 0.000000
-320.009369 102.697197 -257.616333 0.166650 0.048764 -0.748936 0.000000 -0.662642 0.662642 -0.000000 -0.748936 -0.000000 -1.000000 0.000000
-243.824966 102.697197 -327.422302 0.332035 0.048764 -0.594799 0.000000 -0.803874 0.803874 -0.000000 -0.594799 -0.000000 -1.000000 0.000000
Indices
11
5 0 12
5 11 12
6 5 13
6 12 13
7 6 1
7 13 1
8 7 2
8 1 2
9 8 3
9 2 3
10 9 4
10 3