VertexCount: 466
TriangleCount: 432
Vertices
11.965351 0.665139 25.446426 0.255940 0.515965 -0.474010 0.000000 -0.880519 0.880519 -0.000002 -0.474010 -0.000002 -1.000000 0.000001
11.965351 0.665139 25.446426 0.634752 0.970401 0.880521 0.000000 -0.474008 0.474008 0.000000 0.880521 0.000000 -1.000000 0.000000
11.965351 0.665139 25.446426 0.117698 0.543792 0.000000 -1.000000 -0.000000 -0.881018 -0.000000 0.473083 -0.473083 0.000000 -0.881018
3.374403 15.875320 26.679714 0.658707 0.740633 -0.474006 0.000000 -0.880522 0.880522 -0.000000 -0.474006 -0.000000 -1.000000 -0.000000
3.374403 15.875320 26.679714 0.629785 0.285110 -0.880522 0.000001 0.474006 0.474006 0.000000 0.880522 -0.000001 -1.000000 0.000000
10.549860 19.496737 22.816996 0.767906 0.685521 -0.474006 0.000000 -0.880522 0.880522 -0.000000 -0.474006 -0.000000 -1.000000 -0.000000
10.549860 19.496737 22.816996 0.594736 0.683815 0.880596 0.000117 -0.473869 0.473869 -0.000000 0.880596 0.000103 -1.000000 -0.000055
3.374410 19.496737 26.679714 0.658707 0.685522 -0.474006 0.000000 -0.880522 0.880522 -0.000001 -0.474006 -0.000001 -1.000000 0.000000
3.374410 19.496737 26.679714 0.629785 0.229998 -0.880522 0.000001 0.474006 0.474006 0.000000 0.880522 -0.000001 -1.000000 0.000000
42.208569 9.170981 25.569420 0.768001 0.842602 0.474007 0.000000 0.880521 -0.880521 0.000001 0.474007 -0.000001 -1.000000 0.000000
42.208569 9.170981 25.569420 0.828421 0.840956 -0.880523 -0.000000 0.474004 0.474004 -0.000000 0.880523 0.000000 -1.000000 -0.000000
42.208569 0.665139 25.569420 0.768001 0.972047 0.474008 0.000000 0.880521 -0.880521 0.000000 0.474008 -0.000000 -1.000000 0.000000
42.208569 0.665139 25.569420 0.828421 0.970401 -0.880523 -0.000000 0.474004 0.474004 -0.000000 0.880523 0.000000 -1.000000 -0.000000
42.208569 0.665139 25.569420 0.117945 0.324006 0.000000 -1.000000 -0.000000 0.881108 0.000000 -0.472914 -0.472914 0.000000 -0.881108
49.386105 9.170981 21.705564 0.658771 0.842602 0.474007 0.000000 0.880521 -0.880521 0.000001 0.474007 -0.000001 -1.000000 0.000000
49.386105 9.170981 21.705564 0.863538 0.387182 0.880521 0.000000 -0.474007 0.474007 0.000000 0.880521 0.000000 -1.000000 0.000000
49.386105 0.665139 21.705564 0.658771 0.972047 0.474008 0.000000 0.880521 -0.880521 0.000001 0.474008 -0.000000 -1.000000 0.000000
49.386105 0.665139 21.705564 0.863538 0.516627 0.880521 0.000000 -0.474008 0.474008 0.000000 0.880521 0.000000 -1.000000 0.000000
49.386105 0.665139 21.705564 0.241996 0.324160 0.000000 -1.000000 -0.000000 0.881109 0.000000 -0.472914 -0.472914 0.000000 -0.881109
42.208569 15.875320 25.569420 0.768001 0.740573 0.474007 0.000000 0.880521 -0.880521 0.000000 0.474007 -0.000000 -1.000000 0.000000
42.208569 15.875320 25.569420 0.828421 0.738927 -0.880523 0.000000 0.474004 0.474004 -0.000000 0.880523 -0.000000 -1.000000 0.000000
49.386105 15.875320 21.705564 0.658771 0.740573 0.474007 0.000000 0.880521 -0.880521 0.000000 0.474007 -0.000000 -1.000000 0.000000
49.386105 15.875320 21.705564 0.863538 0.285153 0.880521 0.000000 -0.474007 0.474007 0.000000 0.880521 0.000000 -1.000000 0.000000
42.208569 19.496737 25.569420 0.768001 0.685461 0.474007 0.000000 0.880521 -0.880521 0.000000 0.474007 -0.000000 -1.000000 0.000000
42.208569 19.496737 25.569420 0.828421 0.683815 -0.880597 0.000116 0.473866 0.473866 0.000000 0.880597 -0.000102 -1.000000 0.000055
17.399061 15.875320 35.540169 0.255818 0.284476 0.474008 -0.005423 0.880504 0.880517 -0.000004 -0.474015 -0.002574 -0.999985 -0.004773
17.399061 15.875320 35.540169 0.788362 0.738927 0.880522 0.000000 -0.474005 0.474005 -0.000001 0.880522 0.000000 -1.000000 -0.000001
49.386105 19.496737 21.705564 0.658771 0.685461 0.474007 0.000000 0.880521 -0.880521 0.000000 0.474007 -0.000000 -1.000000 0.000000
49.386105 19.496737 21.705564 0.863538 0.230041 0.880521 0.000000 -0.474007 0.474007 0.000000 0.880521 0.000000 -1.000000 0.000000
33.946640 0.665139 10.221928 0.658706 0.972101 -0.474006 0.000000 -0.880521 0.880521 0.000001 -0.474006 0.000000 -1.000000 -0.000000
33.946640 0.665139 10.221928 0.594857 0.970401 -0.880523 0.000000 0.474004 0.474004 -0.000000 0.880523 -0.000000 -1.000000 0.000000
33.946640 0.665139 10.221928 0.117616 0.589261 0.000000 -1.000000 0.000000 0.881107 -0.000000 -0.472916 -0.472916 -0.000000 -0.881107
33.946640 9.170981 10.221928 0.658706 0.842656 -0.474006 0.000000 -0.880522 0.880521 -0.000001 -0.474006 -0.000001 -1.000000 0.000000
33.946640 9.170981 10.221928 0.594857 0.840956 -0.880523 0.000000 0.474004 0.474004 -0.000000 0.880523 -0.000000 -1.000000 0.000000
41.124176 0.665139 6.358084 0.767936 0.972101 -0.474006 0.000000 -0.880521 0.880521 0.000001 -0.474006 0.000001 -1.000000 -0.000000
41.124176 0.665139 6.358084 0.241668 0.589415 0.000000 -1.000000 0.000000 0.881108 -0.000000 -0.472915 -0.472915 -0.000000 -0.881108
41.124176 0.665139 6.358084 0.629974 0.516627 0.880521 0.000000 -0.474007 0.474007 0.000000 0.880521 0.000000 -1.000000 0.000000
41.124176 9.170981 6.358084 0.767937 0.842656 -0.474006 0.000000 -0.880522 0.880521 0.000000 -0.474006 0.000000 -1.000000 -0.000000
41.124176 9.170981 6.358084 0.629974 0.387182 0.880521 0.000000 -0.474007 0.474007 0.000000 0.880521 0.000000 -1.000000 0.000000
33.946640 15.875320 10.221928 0.658706 0.740627 -0.474006 0.000000 -0.880521 0.880521 -0.000002 -0.474006 -0.000002 -1.000000 0.000001
33.946640 15.875320 10.221928 0.594857 0.738927 -0.880523 0.000000 0.474004 0.474004 -0.000000 0.880523 -0.000000 -1.000000 0.000000
41.124176 15.875320 6.358084 0.767936 0.740627 -0.474006 0.000000 -0.880521 0.880521 -0.000001 -0.474006 -0.000001 -1.000000 0.000001
41.124176 15.875320 6.358084 0.629974 0.285153 0.880521 0.000000 -0.474007 0.474007 0.000000 0.880521 0.000000 -1.000000 0.000000
33.946640 19.496737 10.221928 0.658706 0.685515 -0.474006 0.000000 -0.880522 0.880522 -0.000001 -0.474006 -0.000001 -1.000000 0.000001
33.946640 19.496737 10.221928 0.594857 0.683815 -0.880448 0.000117 0.474143 0.474143 -0.000000 0.880448 -0.000103 -1.000000 0.000056
41.124176 19.496737 6.358084 0.767936 0.685515 -0.474006 0.000000 -0.880522 0.880521 -0.000001 -0.474006 -0.000001 -1.000000 0.000001
41.124176 19.496737 6.358084 0.629974 0.230041 0.880521 0.000000 -0.474007 0.474007 0.000000 0.880521 0.000000 -1.000000 0.000000
11.963694 23.530605 25.447315 0.255915 0.167990 -0.474009 -0.000001 -0.880520 0.880520 0.000000 -0.474010 0.000000 -1.000000 0.000001
11.963694 23.530605 25.447315 0.634765 0.622427 0.880670 0.000233 -0.473730 0.473730 0.000000 0.880670 0.000205 -1.000000 -0.000110
11.963694 23.530605 25.447315 0.634765 0.622427 0.880521 0.000000 -0.474006 0.474006 0.000000 0.880522 0.000000 -1.000000 0.000000
11.963694 23.530605 25.447315 0.634765 0.622427 0.880819 0.000000 -0.473453 0.473453 0.000000 0.880819 0.000000 -1.000000 0.000000
11.963694 23.530605 25.447315 0.173698 0.872962 0.000000 1.000000 -0.000000 0.880194 -0.000000 -0.474613 -0.474613 -0.000000 -0.880194
19.171255 15.875320 34.586151 0.282788 0.284475 0.475127 -0.004033 0.879908 0.879915 0.000005 -0.475131 -0.001912 -0.999992 -0.003552
13.714615 23.530605 24.504742 0.203960 0.872942 0.000000 1.000000 0.000000 0.880196 0.000000 -0.474611 -0.474611 0.000000 -0.880196
13.714615 23.530605 24.504742 0.282561 0.167990 -0.474007 -0.000000 -0.880521 0.880521 0.000000 -0.474007 0.000000 -1.000000 0.000000
16.227648 23.530605 29.173006 0.203904 0.792259 0.000000 1.000000 -0.000000 0.880196 -0.000000 -0.474611 -0.474611 -0.000000 -0.880196
14.476727 23.530605 30.115564 0.173642 0.792279 0.000000 1.000000 -0.000000 0.880196 -0.000000 -0.474610 -0.474610 -0.000000 -0.880196
14.476727 23.530605 30.115564 0.705808 0.622427 0.880521 0.000000 -0.474006 0.474006 0.000000 0.880522 0.000000 -1.000000 0.000000
14.476727 23.530605 30.115564 0.705808 0.622427 0.880522 0.000000 -0.474006 0.474006 0.000000 0.880522 0.000000 -1.000000 0.000000
17.226227 23.530605 22.614363 0.264652 0.872900 -0.000000 1.000000 0.000000 0.880195 0.000000 -0.474611 -0.474611 0.000000 -0.880195
17.226227 23.530605 22.614363 0.336002 0.167990 -0.474006 -0.000000 -0.880522 0.880522 -0.000000 -0.474006 -0.000000 -1.000000 0.000000
19.719362 23.530605 27.248669 0.264575 0.792815 -0.000000 1.000000 0.000000 0.880195 0.000000 -0.474612 -0.474612 0.000000 -0.880195
19.166956 23.530605 34.633114 0.203839 0.697890 0.000000 1.000000 -0.000000 0.880196 -0.000000 -0.474610 -0.474610 -0.000000 -0.880196
19.166956 23.530605 34.633114 0.282723 0.167974 0.478775 -0.000221 0.877938 0.877938 0.000000 -0.478775 -0.000106 -1.000000 -0.000194
17.417839 23.530605 35.579025 0.173578 0.697853 0.000000 1.000000 -0.000000 0.880196 0.000000 -0.474610 -0.474610 -0.000000 -0.880196
17.417839 23.530605 35.579025 0.256104 0.167975 0.474842 -0.000467 0.880071 0.880071 -0.000004 -0.474842 -0.000226 -1.000000 -0.000409
17.417839 23.530605 35.579025 0.788953 0.622427 0.880373 0.000233 -0.474283 0.474283 -0.000000 0.880373 0.000205 -1.000000 -0.000111
17.417839 23.530605 35.579025 0.788953 0.622427 0.880522 0.000000 -0.474006 0.474006 0.000000 0.880522 0.000000 -1.000000 0.000000
17.417839 23.530605 35.579025 0.788953 0.622427 0.880224 0.000000 -0.474559 0.474559 0.000000 0.880224 0.000000 -1.000000 0.000000
22.659937 23.530605 32.708107 0.264532 0.698446 -0.000000 1.000000 -0.000000 0.880195 0.000000 -0.474612 -0.474612 -0.000000 -0.880195
22.659937 23.530605 32.708107 0.335880 0.167974 0.478358 0.000013 0.878165 0.878165 0.000000 -0.478358 0.000007 -1.000000 0.000012
23.663742 23.530607 19.148888 0.375914 0.872824 0.000000 1.000000 -0.000000 0.880195 -0.000000 -0.474613 -0.474613 -0.000000 -0.880195
23.663742 23.530607 19.148888 0.433970 0.167990 -0.474006 -0.000001 -0.880521 0.880521 0.000000 -0.474006 0.000001 -1.000000 0.000000
23.663742 23.530607 19.148888 0.375914 0.872824 -0.000000 1.000000 0.000000 0.880196 0.000000 -0.474611 -0.474611 0.000000 -0.880196
26.158136 23.530607 23.782522 0.375859 0.792739 0.000000 1.000000 0.000000 0.880195 0.000000 -0.474612 -0.474612 0.000000 -0.880195
26.158136 23.530607 23.782522 0.375859 0.792739 -0.000000 1.000000 0.000000 0.880195 0.000000 -0.474612 -0.474612 0.000000 -0.880195
22.654457 15.875320 32.711060 0.335797 0.284476 0.475499 -0.001762 0.879715 0.879716 -0.000001 -0.475499 -0.000839 -0.999998 -0.001550
22.654457 15.875320 32.711060 0.985405 0.738379 0.863161 -0.197595 -0.464661 0.474006 -0.000000 0.880521 -0.173987 -0.980284 0.093661
22.654457 15.875320 32.711060 0.276512 0.520685 0.389915 -0.896609 -0.209901 0.789807 0.442823 -0.424396 -0.473466 0.000303 -0.880812
29.097448 23.530607 29.242632 0.375794 0.698370 0.000000 1.000000 0.000000 0.880195 0.000000 -0.474612 -0.474612 0.000000 -0.880195
29.097448 23.530607 29.242632 0.433849 0.167974 0.474007 0.000000 0.880521 0.880521 0.000000 -0.474007 0.000000 -1.000000 0.000000
29.097448 23.530607 29.242632 0.375794 0.698370 -0.000000 1.000000 -0.000000 0.880195 0.000000 -0.474611 -0.474611 -0.000000 -0.880195
35.363781 23.530607 12.850472 0.612026 0.167990 -0.474006 -0.000000 -0.880521 0.880521 -0.000004 -0.474006 -0.000003 -1.000000 0.000002
35.363781 23.530607 12.850472 0.634859 0.622427 -0.880373 0.000235 0.474282 0.474282 0.000000 0.880373 -0.000206 -1.000000 0.000111
35.363781 23.530607 12.850472 0.634859 0.622427 -0.880521 0.000000 0.474008 0.474008 -0.000000 0.880521 -0.000000 -1.000000 0.000000
35.363781 23.530607 12.850472 0.634859 0.622427 -0.880224 0.000000 0.474559 0.474559 0.000000 0.880223 -0.000000 -1.000000 0.000000
35.363781 23.530607 12.850472 0.578130 0.872684 0.000000 1.000000 -0.000000 0.880195 0.000000 -0.474612 -0.474612 -0.000000 -0.880195
37.858185 23.530607 17.484098 0.705375 0.622427 -0.880521 0.000000 0.474008 0.474008 -0.000000 0.880521 -0.000000 -1.000000 0.000000
37.858185 23.530607 17.484098 0.705375 0.622427 -0.880522 0.000000 0.474005 0.474005 0.000000 0.880522 -0.000000 -1.000000 0.000000
37.858185 23.530607 17.484098 0.578075 0.792600 0.000000 1.000000 -0.000000 0.880196 -0.000000 -0.474611 -0.474611 -0.000000 -0.880196
36.107265 23.530607 18.426657 0.547813 0.792621 0.000000 1.000000 -0.000000 0.880195 -0.000000 -0.474611 -0.474611 -0.000000 -0.880195
33.612858 23.530607 13.793038 0.585379 0.167990 -0.474006 -0.000000 -0.880521 0.880521 -0.000002 -0.474007 -0.000002 -1.000000 0.000001
33.612858 23.530607 13.793038 0.547868 0.872705 0.000000 1.000000 -0.000000 0.880196 0.000000 -0.474611 -0.474611 -0.000000 -0.880196
32.596912 23.530607 20.316372 0.487142 0.792662 0.000000 1.000000 0.000000 0.880195 0.000000 -0.474612 -0.474612 0.000000 -0.880195
30.101238 23.530607 15.683426 0.531938 0.167990 -0.474006 -0.000001 -0.880521 0.880521 -0.000000 -0.474006 0.000000 -1.000000 0.000001
30.101238 23.530607 15.683426 0.487175 0.872747 0.000000 1.000000 -0.000000 0.880195 -0.000000 -0.474612 -0.474612 -0.000000 -0.880195
40.797493 23.530607 22.944221 0.611904 0.167974 0.474006 -0.000000 0.880522 0.880522 -0.000004 -0.474006 -0.000004 -1.000000 0.000002
40.797493 23.530607 22.944221 0.788469 0.622427 -0.880671 0.000232 0.473728 0.473728 -0.000000 0.880671 -0.000205 -1.000000 0.000110
40.797493 23.530607 22.944221 0.788469 0.622427 -0.880522 0.000000 0.474005 0.474005 0.000000 0.880522 -0.000000 -1.000000 0.000000
40.797493 23.530607 22.944221 0.788469 0.622427 -0.880820 0.000000 0.473451 0.473451 -0.000000 0.880820 -0.000000 -1.000000 0.000000
40.797493 23.530607 22.944221 0.578010 0.698231 0.000000 1.000000 -0.000001 0.880195 -0.000000 -0.474612 -0.474612 -0.000001 -0.880195
39.046570 23.530607 23.886784 0.585258 0.167974 0.474005 -0.000000 0.880522 0.880522 -0.000002 -0.474005 -0.000002 -1.000000 0.000001
39.046570 23.530607 23.886784 0.547748 0.698252 0.000000 1.000000 -0.000000 0.880195 -0.000000 -0.474612 -0.474612 -0.000000 -0.880195
35.534954 23.530607 25.777168 0.531817 0.167974 0.474005 -0.000000 0.880522 0.880522 -0.000000 -0.474005 -0.000000 -1.000000 -0.000000
35.534954 23.530607 25.777168 0.487055 0.698293 0.000000 1.000000 0.000000 0.880196 0.000000 -0.474611 -0.474611 0.000000 -0.880196
17.399061 9.170981 35.540169 0.788362 0.840956 0.880522 0.000000 -0.474005 0.474005 -0.000000 0.880522 -0.000000 -1.000000 -0.000000
17.399061 9.170981 35.540169 0.255818 0.386504 0.474007 0.000000 0.880521 0.880521 -0.000001 -0.474007 -0.000001 -1.000000 0.000001
7.302933 23.530605 33.977402 0.740844 0.168609 -0.880522 -0.000000 0.474006 0.474006 0.000000 0.880522 0.000000 -1.000000 -0.000000
7.302933 23.530605 33.977402 0.043118 0.464670 0.000000 -1.000000 -0.000000 0.880534 0.000000 -0.473984 -0.473984 0.000000 -0.880534
4.789899 23.530605 29.309149 0.669801 0.168609 -0.880522 0.000000 0.474006 0.474006 0.000000 0.880522 -0.000000 -1.000000 0.000000
4.789899 23.530605 29.309149 0.043116 0.545353 0.000000 -1.000000 -0.000000 0.880529 0.000000 -0.473992 -0.473992 0.000000 -0.880529
10.244034 23.530605 39.440857 0.823989 0.168609 -0.880522 -0.000001 0.474006 0.474006 -0.000000 0.880522 0.000001 -1.000000 -0.000000
10.244034 23.530605 39.440857 0.043120 0.370243 0.000000 -1.000000 0.000000 0.880530 -0.000000 -0.473990 -0.473990 -0.000000 -0.880530
42.539665 23.530607 8.987514 0.669990 0.168652 0.880521 0.000000 -0.474007 0.474007 0.000000 0.880521 0.000000 -1.000000 0.000000
42.539665 23.530607 8.987514 0.042964 0.544619 0.000000 -1.000000 -0.000001 -0.881777 -0.000000 0.471667 -0.471667 0.000000 -0.881777
45.034061 23.530607 13.621141 0.740506 0.168652 0.880522 0.000000 -0.474006 0.474006 0.000000 0.880522 0.000000 -1.000000 0.000000
45.034061 23.530607 13.621141 0.042751 0.464535 0.000000 -1.000000 -0.000000 -0.881778 -0.000000 0.471665 -0.471665 0.000000 -0.881778
47.973373 23.530607 19.081261 0.823600 0.168652 0.880521 0.000000 -0.474007 0.474007 0.000000 0.880521 0.000000 -1.000000 0.000000
47.973373 23.530607 19.081261 0.042500 0.370166 0.000000 -1.000000 -0.000000 -0.881780 -0.000000 0.471661 -0.471661 0.000000 -0.881780
18.837280 23.530605 38.211838 0.829020 0.622427 0.880373 0.000233 -0.474283 0.474283 0.000000 0.880373 0.000205 -1.000000 -0.000110
18.837280 23.530605 38.211838 0.658359 0.624066 0.474006 -0.002151 0.880519 -0.880521 0.000001 0.474007 -0.001021 -0.999998 -0.001894
18.837280 23.530605 38.211838 0.829020 0.622427 0.880373 0.000000 -0.474283 0.474283 0.000000 0.880373 0.000000 -1.000000 0.000000
18.837280 23.530605 38.211838 0.167136 0.324726 0.000000 -1.000000 -0.000001 0.880530 0.000000 -0.473991 -0.473991 0.000001 -0.880530
11.661829 23.530605 42.074566 0.767558 0.624066 0.474006 -0.002151 0.880519 -0.880521 0.000001 0.474007 -0.001021 -0.999998 -0.001894
11.661829 23.530605 42.074566 0.864070 0.168609 -0.880521 -0.000001 0.474006 0.474006 0.000001 0.880521 0.000001 -1.000000 0.000001
11.661829 23.530605 42.074566 0.043120 0.324724 0.000000 -1.000000 -0.000000 0.880529 0.000000 -0.473992 -0.473992 0.000000 -0.880529
3.374410 23.530605 26.679714 0.629785 0.168609 -0.880522 0.000000 0.474006 0.474006 0.000000 0.880522 -0.000000 -1.000000 0.000000
3.374410 23.530605 26.679714 0.658707 0.624132 -0.474006 0.000000 -0.880522 0.880522 0.000000 -0.474006 0.000000 -1.000000 -0.000000
3.374410 23.530605 26.679714 0.043116 0.590799 0.000000 -1.000000 -0.000000 0.880530 0.000000 -0.473990 -0.473990 0.000000 -0.880530
10.549860 23.530605 22.816996 0.767906 0.624133 -0.474006 0.000000 -0.880522 0.880522 0.000001 -0.474006 0.000001 -1.000000 -0.000001
10.549860 23.530605 22.816996 0.594736 0.622427 0.880670 0.000233 -0.473730 0.473730 -0.000000 0.880670 0.000205 -1.000000 -0.000110
10.549860 23.530605 22.816996 0.594736 0.622427 0.880670 0.000000 -0.473730 0.473730 0.000000 0.880670 0.000000 -1.000000 0.000000
10.549860 23.530605 22.816996 0.167131 0.590801 0.000000 -1.000000 0.000000 0.880530 -0.000000 -0.473991 -0.473991 -0.000000 -0.880530
19.171255 9.170981 34.586151 0.282788 0.386504 0.474007 -0.000000 0.880521 0.880521 0.000000 -0.474007 0.000000 -1.000000 -0.000000
49.386105 23.530607 21.705564 0.863538 0.168652 0.880521 0.000000 -0.474007 0.474007 0.000000 0.880521 0.000000 -1.000000 0.000000
49.386105 23.530607 21.705564 0.658771 0.624072 0.474007 0.000000 0.880521 -0.880521 0.000000 0.474007 -0.000000 -1.000000 0.000000
49.386105 23.530607 21.705564 0.042380 0.324810 0.000000 -1.000000 -0.000000 -0.881780 -0.000000 0.471662 -0.471662 0.000000 -0.881779
42.208569 23.530607 25.569420 0.768001 0.624072 0.474007 0.000000 0.880521 -0.880521 0.000000 0.474007 -0.000000 -1.000000 0.000000
42.208569 23.530607 25.569420 0.828421 0.622427 -0.880671 0.000232 0.473728 0.473728 -0.000000 0.880671 -0.000205 -1.000000 0.000110
42.208569 23.530607 25.569420 0.828421 0.622427 -0.880671 0.000000 0.473729 0.473729 0.000000 0.880670 -0.000000 -1.000000 0.000000
42.208569 23.530607 25.569420 0.166431 0.324480 0.000000 -1.000000 0.000000 -0.881779 0.000000 0.471663 -0.471663 -0.000000 -0.881779
33.946640 23.530607 10.221928 0.594857 0.622427 -0.880373 0.000235 0.474282 0.474282 0.000000 0.880373 -0.000206 -1.000000 0.000111
33.946640 23.530607 10.221928 0.658706 0.624126 -0.474006 0.000000 -0.880522 0.880522 -0.000000 -0.474006 -0.000000 -1.000000 0.000000
33.946640 23.530607 10.221928 0.594857 0.622427 -0.880373 0.000000 0.474283 0.474283 0.000000 0.880373 -0.000000 -1.000000 0.000000
33.946640 23.530607 10.221928 0.167136 0.589735 0.000000 -1.000000 -0.000000 -0.881778 -0.000000 0.471665 -0.471665 0.000000 -0.881778
41.124176 23.530607 6.358084 0.767936 0.624126 -0.474006 0.000000 -0.880522 0.880522 0.000000 -0.474006 0.000000 -1.000000 -0.000000
41.124176 23.530607 6.358084 0.629974 0.168652 0.880521 0.000000 -0.474007 0.474007 0.000000 0.880521 0.000000 -1.000000 0.000000
41.124176 23.530607 6.358084 0.043085 0.590064 0.000000 -1.000000 -0.000000 -0.881777 -0.000000 0.471666 -0.471666 0.000000 -0.881777
11.963694 29.412489 25.447315 0.164907 0.893224 0.000000 1.000000 -0.000000 0.880472 0.000000 -0.474099 -0.474099 -0.000000 -0.880472
11.963694 29.412489 25.447315 0.634765 0.532914 0.880521 0.000000 -0.474006 0.474006 0.000000 0.880522 0.000000 -1.000000 0.000000
11.963694 29.412489 25.447315 0.634765 0.532914 0.880819 0.000000 -0.473453 0.473453 0.000000 0.880819 0.000000 -1.000000 0.000000
14.476727 29.412489 30.115564 0.164898 0.812541 0.000000 1.000000 -0.000000 0.880471 0.000000 -0.474100 -0.474100 -0.000000 -0.880471
14.476727 29.412489 30.115564 0.705808 0.532914 0.880521 0.000000 -0.474006 0.474006 0.000000 0.880522 0.000000 -1.000000 0.000000
14.476727 29.412489 30.115564 0.705808 0.532914 0.880522 0.000000 -0.474006 0.474006 0.000000 0.880522 0.000000 -1.000000 0.000000
7.302933 29.412489 33.977402 0.040911 0.812554 0.000000 1.000000 0.000000 0.880471 0.000000 -0.474100 -0.474100 0.000000 -0.880471
4.789899 29.412489 29.309149 0.040919 0.893237 0.000000 1.000000 -0.000000 0.880471 0.000000 -0.474101 -0.474101 -0.000000 -0.880471
17.417839 29.412489 35.579025 0.164888 0.718114 0.000000 1.000000 -0.000000 0.880471 -0.000000 -0.474100 -0.474100 -0.000000 -0.880471
17.417839 29.412489 35.579025 0.788953 0.532914 0.880522 0.000000 -0.474006 0.474006 0.000000 0.880522 0.000000 -1.000000 0.000000
17.417839 29.412489 35.579025 0.788953 0.532914 0.880224 0.000000 -0.474559 0.474559 0.000000 0.880224 0.000000 -1.000000 0.000000
10.244034 29.412489 39.440857 0.040901 0.718127 0.000000 1.000000 -0.000000 0.880471 -0.000000 -0.474100 -0.474100 -0.000000 -0.880471
21.464533 9.170981 33.351627 0.317688 0.386504 0.474007 -0.000000 0.880521 0.880521 0.000000 -0.474007 0.000000 -1.000000 -0.000000
21.464533 9.170981 33.351627 0.995153 0.840408 0.872606 -0.133780 -0.469746 0.474007 -0.000000 0.880521 -0.117796 -0.991011 0.063412
18.837280 29.412489 38.211838 0.164912 0.672595 0.000000 1.000000 -0.000000 0.880471 -0.000000 -0.474100 -0.474100 -0.000000 -0.880471
18.837280 29.412489 38.211838 0.829020 0.532914 0.880373 0.000000 -0.474283 0.474283 0.000000 0.880373 0.000000 -1.000000 0.000000
11.661829 29.412489 42.074566 0.040896 0.672608 0.000000 1.000000 -0.000000 0.880472 -0.000000 -0.474099 -0.474099 -0.000000 -0.880472
3.374410 29.412489 26.679714 0.040924 0.938683 0.000000 1.000000 -0.000000 0.880472 -0.000000 -0.474098 -0.474098 -0.000000 -0.880472
10.549860 29.412489 22.816996 0.164940 0.938669 0.000000 1.000000 -0.000000 0.880471 -0.000000 -0.474100 -0.474100 -0.000000 -0.880471
10.549860 29.412489 22.816996 0.594736 0.532914 0.880670 0.000000 -0.473730 0.473730 0.000000 0.880670 0.000000 -1.000000 0.000000
35.363781 29.412493 12.850472 0.164955 0.892441 0.000000 1.000000 -0.000000 -0.880776 0.000000 0.473533 -0.473533 -0.000000 -0.880776
35.363781 29.412493 12.850472 0.634859 0.532914 -0.880521 0.000000 0.474008 0.474008 -0.000000 0.880521 -0.000000 -1.000000 0.000000
35.363781 29.412493 12.850472 0.634859 0.532914 -0.880224 0.000000 0.474559 0.474559 0.000000 0.880223 -0.000000 -1.000000 0.000000
37.858185 29.412493 17.484098 0.164911 0.812357 0.000000 1.000000 -0.000000 -0.880776 0.000000 0.473533 -0.473533 -0.000000 -0.880776
37.858185 29.412493 17.484098 0.705375 0.532914 -0.880521 0.000000 0.474008 0.474008 -0.000000 0.880521 -0.000000 -1.000000 0.000000
37.858185 29.412493 17.484098 0.705375 0.532914 -0.880522 0.000000 0.474005 0.474005 0.000000 0.880522 -0.000000 -1.000000 0.000000
42.539665 29.412493 8.987514 0.040931 0.892508 0.000000 1.000000 0.000000 -0.880777 -0.000000 0.473531 -0.473531 0.000000 -0.880777
45.034061 29.412493 13.621141 0.040888 0.812423 0.000000 1.000000 -0.000000 -0.880776 0.000000 0.473533 -0.473533 -0.000000 -0.880776
40.797493 29.412493 22.944221 0.164861 0.717987 0.000000 1.000000 0.000000 -0.880776 -0.000000 0.473533 -0.473533 0.000000 -0.880776
40.797493 29.412493 22.944221 0.788469 0.532914 -0.880522 0.000000 0.474005 0.474005 0.000000 0.880522 -0.000000 -1.000000 0.000000
40.797493 29.412493 22.944221 0.788469 0.532914 -0.880820 0.000000 0.473451 0.473451 -0.000000 0.880820 -0.000000 -1.000000 0.000000
47.973373 29.412493 19.081261 0.040837 0.718054 0.000000 1.000000 0.000000 -0.880776 -0.000000 0.473533 -0.473533 0.000000 -0.880776
17.399061 0.665139 35.540169 0.788362 0.970401 0.880522 0.000000 -0.474005 0.474005 0.000000 0.880522 0.000000 -1.000000 0.000000
17.399061 0.665139 35.540169 0.255818 0.515949 0.474007 0.000000 0.880521 0.880521 -0.000000 -0.474007 -0.000000 -1.000000 0.000000
17.399061 0.665139 35.540169 0.117514 0.369338 0.000000 -1.000000 -0.000000 -0.881018 -0.000000 0.473083 -0.473083 0.000000 -0.881018
49.386105 29.412493 21.705564 0.040813 0.672697 0.000000 1.000000 -0.000000 -0.880776 0.000000 0.473533 -0.473533 -0.000000 -0.880776
42.208569 29.412493 25.569420 0.164865 0.672631 0.000000 1.000000 -0.000000 -0.880776 0.000000 0.473533 -0.473533 -0.000000 -0.880776
42.208569 29.412493 25.569420 0.828421 0.532914 -0.880671 0.000000 0.473729 0.473729 0.000000 0.880670 -0.000000 -1.000000 0.000000
33.946640 29.412493 10.221928 0.165007 0.937886 0.000000 1.000000 0.000000 -0.880776 -0.000000 0.473533 -0.473533 0.000000 -0.880776
33.946640 29.412493 10.221928 0.594857 0.532914 -0.880373 0.000000 0.474283 0.474283 0.000000 0.880373 -0.000000 -1.000000 0.000000
41.124176 29.412493 6.358084 0.040956 0.937953 0.000000 1.000000 0.000000 -0.880777 -0.000000 0.473531 -0.473532 0.000000 -0.880777
19.882042 23.530605 40.152603 0.497998 0.440922 0.474006 0.000000 0.880521 0.880521 -0.000000 -0.474006 -0.000000 -1.000000 0.000000
19.882042 23.530605 40.152603 0.167137 0.291184 0.000000 -1.000000 -0.000001 0.880530 0.000000 -0.473990 -0.473990 0.000001 -0.880530
19.882042 23.530605 40.152603 0.858555 0.622427 0.880522 0.000000 -0.474006 0.474006 0.000000 0.880522 0.000000 -1.000000 0.000000
12.706590 23.530605 44.015327 0.388800 0.440922 0.474006 0.000000 0.880522 0.880522 -0.000002 -0.474006 -0.000002 -1.000000 0.000001
12.706590 23.530605 44.015327 0.043121 0.291181 0.000000 -1.000000 -0.000000 0.880530 0.000000 -0.473991 -0.473991 0.000000 -0.880530
12.706590 29.412489 44.015327 0.388800 0.351410 0.474006 0.000000 0.880522 0.880522 -0.000000 -0.474006 -0.000000 -1.000000 0.000000
12.706590 29.412489 44.015327 0.040892 0.639065 0.000000 1.000000 0.000000 0.880472 0.000000 -0.474099 -0.474099 0.000000 -0.880472
19.882042 29.412489 40.152603 0.497998 0.351410 0.474006 0.000000 0.880521 0.880521 -0.000000 -0.474006 -0.000000 -1.000000 0.000000
19.882042 29.412489 40.152603 0.164908 0.639052 0.000000 1.000000 -0.000001 0.880471 -0.000000 -0.474100 -0.474100 -0.000000 -0.880471
19.882042 29.412489 40.152603 0.858555 0.532914 0.880522 0.000000 -0.474006 0.474006 0.000000 0.880522 0.000000 -1.000000 0.000000
9.505094 23.530605 20.876228 0.498141 0.440911 -0.474006 0.000000 -0.880522 0.880522 0.000000 -0.474006 0.000000 -1.000000 -0.000000
9.505094 23.530605 20.876228 0.167131 0.624344 0.000000 -1.000000 0.000000 0.880530 -0.000000 -0.473991 -0.473991 -0.000000 -0.880530
9.505094 23.530605 20.876228 0.565201 0.622427 0.880521 0.000000 -0.474008 0.474008 0.000000 0.880521 0.000000 -1.000000 0.000000
2.329645 23.530605 24.738945 0.388943 0.440911 -0.474006 0.000000 -0.880522 0.880522 -0.000000 -0.474006 -0.000000 -1.000000 0.000000
2.329645 23.530605 24.738945 0.043115 0.624342 0.000000 -1.000000 -0.000000 0.880531 0.000000 -0.473988 -0.473988 0.000000 -0.880531
19.171255 0.665139 34.586151 0.282788 0.515949 0.474007 -0.000000 0.880521 0.880521 0.000000 -0.474007 0.000000 -1.000000 -0.000000
19.171255 0.665139 34.586151 0.086885 0.369370 0.000000 -1.000000 0.000000 -0.881017 0.000000 0.473085 -0.473085 -0.000000 -0.881017
9.505094 29.412489 20.876228 0.498141 0.351398 -0.474006 0.000000 -0.880522 0.880522 0.000001 -0.474006 0.000001 -1.000000 -0.000000
9.505094 29.412489 20.876228 0.565201 0.532914 0.880521 0.000000 -0.474008 0.474008 0.000000 0.880521 0.000000 -1.000000 0.000000
9.505094 29.412489 20.876228 0.164943 0.972212 0.000000 1.000000 -0.000000 0.880471 -0.000000 -0.474100 -0.474100 -0.000000 -0.880471
2.329645 29.412489 24.738945 0.388943 0.351398 -0.474006 0.000000 -0.880522 0.880522 -0.000001 -0.474006 -0.000001 -1.000000 0.000000
2.329645 29.412489 24.738945 0.040928 0.972226 0.000000 1.000000 -0.000000 0.880471 -0.000000 -0.474100 -0.474100 -0.000000 -0.880471
43.253330 23.530607 27.510181 0.497968 0.440920 0.474007 0.000000 0.880521 -0.880521 0.000000 0.474007 -0.000000 -1.000000 0.000000
43.253330 23.530607 27.510181 0.166342 0.290937 0.000000 -1.000000 0.000000 -0.881779 0.000000 0.471663 -0.471663 -0.000000 -0.881779
43.253330 23.530607 27.510181 0.857956 0.622427 -0.880521 0.000000 0.474007 0.474007 -0.000000 0.880521 -0.000000 -1.000000 0.000000
50.430874 23.530607 23.646326 0.388737 0.440920 0.474008 0.000000 0.880521 -0.880521 -0.000000 0.474008 0.000000 -1.000000 -0.000000
50.430874 23.530607 23.646326 0.042291 0.291267 0.000000 -1.000000 -0.000000 -0.881779 -0.000000 0.471663 -0.471663 0.000000 -0.881779
43.253330 29.412493 27.510181 0.497968 0.351407 0.474007 0.000000 0.880521 -0.880521 0.000001 0.474007 -0.000001 -1.000000 0.000001
43.253330 29.412493 27.510181 0.857956 0.532914 -0.880521 0.000000 0.474007 0.474007 -0.000000 0.880521 -0.000000 -1.000000 0.000000
43.253330 29.412493 27.510181 0.164847 0.639088 0.000000 1.000000 -0.000001 -0.880776 0.000000 0.473533 -0.473533 -0.000000 -0.880776
50.430874 29.412493 23.646326 0.388737 0.351407 0.474008 0.000000 0.880521 -0.880521 -0.000002 0.474008 0.000002 -1.000000 -0.000001
50.430874 29.412493 23.646326 0.040795 0.639155 0.000000 1.000000 -0.000000 -0.880777 0.000000 0.473531 -0.473531 -0.000000 -0.880777
32.901878 23.530607 8.281162 0.498240 0.440942 -0.474006 0.000000 -0.880522 -0.880521 0.000000 0.474006 -0.000000 -1.000000 0.000000
32.901878 23.530607 8.281162 0.167225 0.623277 0.000000 -1.000000 -0.000000 -0.881778 -0.000000 0.471665 -0.471665 0.000000 -0.881778
32.901878 23.530607 8.281162 0.565322 0.622427 -0.880522 0.000000 0.474006 0.474006 0.000000 0.880521 -0.000000 -1.000000 0.000000
40.079411 23.530607 4.417320 0.389009 0.440942 -0.474007 0.000000 -0.880521 -0.880521 0.000001 0.474007 -0.000001 -1.000000 0.000000
40.079411 23.530607 4.417320 0.043174 0.623607 0.000000 -1.000000 -0.000000 -0.881777 -0.000000 0.471667 -0.471667 0.000000 -0.881777
40.079411 29.412493 4.417320 0.389009 0.351429 -0.474007 0.000000 -0.880521 -0.880521 -0.000001 0.474007 0.000001 -1.000000 -0.000001
40.079411 29.412493 4.417320 0.040974 0.971496 0.000000 1.000000 -0.000000 -0.880777 0.000000 0.473532 -0.473532 -0.000000 -0.880777
32.901878 29.412493 8.281162 0.498240 0.351429 -0.474006 0.000000 -0.880522 -0.880522 0.000000 0.474006 -0.000000 -1.000000 0.000000
32.901878 29.412493 8.281162 0.165026 0.971429 0.000000 1.000000 -0.000000 -0.880776 0.000000 0.473533 -0.473533 -0.000000 -0.880776
32.901878 29.412493 8.281162 0.565322 0.532914 -0.880522 0.000000 0.474006 0.474006 0.000000 0.880521 -0.000000 -1.000000 0.000000
20.943466 0.665139 33.632126 0.309759 0.515949 0.474007 -0.000000 0.880521 0.880521 0.000001 -0.474007 0.000001 -1.000000 -0.000001
20.943466 0.665139 33.632126 0.056255 0.369403 0.000000 -1.000000 0.000000 -0.881022 0.000000 0.473076 -0.473076 -0.000000 -0.881022
20.943466 0.665139 33.632126 0.999422 0.969853 0.878398 -0.069404 -0.472864 0.474007 -0.000000 0.880521 -0.061112 -0.997589 0.032898
3.480606 23.530605 30.013971 0.291517 0.968436 -0.880522 0.000000 0.474006 0.474006 0.000002 0.880522 0.000001 -1.000000 0.000001
3.480606 23.530605 30.013971 0.291517 0.968436 -0.880521 0.000000 0.474007 0.474007 -0.000000 0.880521 -0.000000 -1.000000 0.000000
3.480606 23.530605 30.013971 0.020487 0.545353 0.000000 -1.000000 -0.000000 0.880529 0.000000 -0.473993 -0.473993 0.000000 -0.880529
5.993637 23.530605 34.682224 0.362561 0.968436 -0.880522 0.000000 0.474006 0.474006 -0.000001 0.880522 -0.000001 -1.000000 -0.000001
5.993637 23.530605 34.682224 0.362561 0.968436 -0.880522 0.000000 0.474005 0.474005 0.000001 0.880522 0.000000 -1.000000 0.000001
5.993637 23.530605 34.682224 0.020489 0.464670 0.000000 -1.000000 -0.000000 0.880532 0.000000 -0.473987 -0.473987 0.000000 -0.880532
3.480606 29.412489 30.013971 0.291517 0.878924 -0.880522 0.000000 0.474006 0.474006 0.000005 0.880522 0.000002 -1.000000 0.000004
3.480606 29.412489 30.013971 0.291517 0.878924 -0.880521 0.000000 0.474007 0.474007 -0.000003 0.880521 -0.000001 -1.000000 -0.000002
3.480606 29.412489 30.013971 0.018290 0.893240 0.000000 1.000000 -0.000000 0.880470 0.000000 -0.474103 -0.474103 -0.000000 -0.880470
5.993637 29.412489 34.682224 0.362560 0.878924 -0.880522 0.000000 0.474006 0.474006 0.000002 0.880522 0.000001 -1.000000 0.000001
5.993637 29.412489 34.682224 0.362560 0.878924 -0.880522 0.000000 0.474005 0.474005 -0.000001 0.880522 -0.000000 -1.000000 -0.000001
5.993637 29.412489 34.682224 0.018282 0.812557 0.000000 1.000000 0.000000 0.880472 0.000000 -0.474099 -0.474099 0.000000 -0.880472
8.934740 23.530605 40.145679 0.445705 0.968436 -0.880522 0.000000 0.474005 0.474005 0.000002 0.880522 0.000001 -1.000000 0.000002
8.934740 23.530605 40.145679 0.445705 0.968436 -0.880521 0.000000 0.474008 0.474008 -0.000003 0.880521 -0.000001 -1.000000 -0.000002
8.934740 23.530605 40.145679 0.020491 0.370243 0.000000 -1.000000 0.000000 0.880532 -0.000000 -0.473986 -0.473986 -0.000000 -0.880532
8.934740 29.412489 40.145679 0.445705 0.878924 -0.880522 0.000000 0.474005 0.474005 0.000001 0.880522 0.000000 -1.000000 0.000001
8.934740 29.412489 40.145679 0.445705 0.878924 -0.880521 0.000000 0.474008 0.474008 -0.000000 0.880521 -0.000000 -1.000000 0.000000
8.934740 29.412489 40.145679 0.018272 0.718130 0.000000 1.000000 -0.000000 0.880472 -0.000000 -0.474099 -0.474099 -0.000000 -0.880472
10.352537 23.530605 42.779392 0.485786 0.968436 -0.880521 0.000000 0.474007 0.474007 -0.000003 0.880521 -0.000001 -1.000000 -0.000002
10.352537 23.530605 42.779392 0.020491 0.324724 0.000000 -1.000000 0.000000 0.880529 -0.000000 -0.473992 -0.473992 -0.000000 -0.880529
10.352537 29.412489 42.779392 0.485786 0.878924 -0.880521 0.000000 0.474007 0.474007 -0.000001 0.880521 -0.000001 -1.000000 -0.000001
10.352537 29.412489 42.779392 0.018267 0.672611 0.000000 1.000000 0.000000 0.880473 0.000000 -0.474097 -0.474097 0.000000 -0.880473
2.065116 23.530605 27.384537 0.251502 0.968436 -0.880521 0.000000 0.474007 0.474007 -0.000000 0.880521 -0.000000 -1.000000 -0.000000
2.065116 23.530605 27.384537 0.020487 0.590798 0.000000 -1.000000 -0.000000 0.880533 0.000000 -0.473985 -0.473985 0.000000 -0.880533
2.065116 29.412489 27.384537 0.251502 0.878924 -0.880521 0.000000 0.474007 0.474007 -0.000002 0.880521 -0.000001 -1.000000 -0.000002
2.065116 29.412489 27.384537 0.018295 0.938685 0.000000 1.000000 -0.000000 0.880472 0.000000 -0.474099 -0.474099 -0.000000 -0.880472
14.459745 0.665139 30.080051 0.117614 0.463707 0.000000 -1.000000 -0.000000 -0.881016 -0.000000 0.473086 -0.473086 0.000000 -0.881016
13.737555 0.665139 24.492395 0.282910 0.515965 -0.474007 0.000000 -0.880521 0.880521 0.000001 -0.474007 0.000001 -1.000000 -0.000001
13.737555 0.665139 24.492395 0.087068 0.543824 0.000000 -1.000000 -0.000000 -0.881019 0.000000 0.473080 -0.473080 -0.000000 -0.881019
11.397297 29.412489 44.720154 0.515321 0.878924 -0.880521 0.000000 0.474007 0.474007 -0.000000 0.880521 -0.000000 -1.000000 0.000000
11.397297 29.412489 44.720154 0.018264 0.639068 0.000000 1.000000 0.000001 0.880471 0.000001 -0.474100 -0.474100 0.000001 -0.880471
11.397297 29.412489 44.720154 0.368874 0.351410 0.474006 0.000000 0.880522 0.880522 -0.000004 -0.474006 -0.000004 -1.000000 0.000002
11.397297 23.530605 44.720154 0.515321 0.968436 -0.880521 0.000000 0.474007 0.474007 -0.000000 0.880521 -0.000000 -1.000000 0.000000
11.397297 23.530605 44.720154 0.368874 0.440922 0.474006 0.000000 0.880522 0.880522 -0.000008 -0.474006 -0.000007 -1.000000 0.000004
11.397297 23.530605 44.720154 0.020492 0.291181 0.000000 -1.000000 0.000001 0.880529 -0.000000 -0.473992 -0.473992 -0.000001 -0.880529
1.020352 23.530605 25.443769 0.221967 0.968436 -0.880521 0.000000 0.474006 0.474006 0.000002 0.880521 0.000001 -1.000000 0.000002
1.020352 23.530605 25.443769 0.020486 0.624341 0.000000 -1.000000 -0.000001 0.880533 0.000000 -0.473984 -0.473984 0.000001 -0.880533
1.020352 23.530605 25.443769 0.369017 0.440911 -0.474006 0.000000 -0.880522 0.880522 -0.000001 -0.474006 -0.000001 -1.000000 0.000001
1.020352 29.412489 25.443769 0.221967 0.878924 -0.880521 0.000000 0.474006 0.474006 0.000002 0.880521 0.000001 -1.000000 0.000002
1.020352 29.412489 25.443769 0.369018 0.351398 -0.474006 0.000000 -0.880522 0.880522 -0.000003 -0.474006 -0.000002 -1.000000 0.000001
1.020352 29.412489 25.443769 0.018299 0.972228 0.000000 1.000000 -0.000000 0.880472 0.000000 -0.474098 -0.474098 -0.000000 -0.880472
43.848965 23.530607 8.282683 0.291752 0.968306 0.880522 0.000000 -0.474006 0.474006 0.000001 0.880522 0.000000 -1.000000 0.000001
43.848965 23.530607 8.282683 0.291752 0.968306 0.880519 0.000000 -0.474010 0.474010 0.000002 0.880519 0.000001 -1.000000 0.000002
43.848965 23.530607 8.282683 0.020335 0.544679 0.000000 -1.000000 -0.000001 -0.881777 -0.000000 0.471667 -0.471667 0.000000 -0.881777
46.343361 23.530607 12.916314 0.362268 0.968306 0.880522 0.000000 -0.474006 0.474006 0.000001 0.880522 0.000001 -1.000000 0.000001
46.343361 23.530607 12.916314 0.362268 0.968306 0.880523 0.000000 -0.474004 0.474004 -0.000001 0.880523 -0.000000 -1.000000 -0.000001
46.343361 23.530607 12.916314 0.020122 0.464595 0.000000 -1.000000 -0.000000 -0.881779 -0.000000 0.471663 -0.471663 0.000000 -0.881779
46.343361 29.412493 12.916314 0.362268 0.878794 0.880522 0.000000 -0.474006 0.474006 0.000001 0.880522 0.000001 -1.000000 0.000001
46.343361 29.412493 12.916314 0.362268 0.878794 0.880523 0.000000 -0.474004 0.474004 -0.000001 0.880523 -0.000000 -1.000000 -0.000001
46.343361 29.412493 12.916314 0.018259 0.812435 0.000000 1.000000 -0.000000 -0.880777 0.000000 0.473531 -0.473531 -0.000000 -0.880777
43.848965 29.412493 8.282683 0.291752 0.878793 0.880522 0.000000 -0.474006 0.474006 0.000001 0.880522 0.000001 -1.000000 0.000001
43.848965 29.412493 8.282683 0.291752 0.878793 0.880519 0.000000 -0.474010 0.474010 0.000001 0.880519 0.000001 -1.000000 0.000001
43.848965 29.412493 8.282683 0.018302 0.892520 0.000000 1.000000 0.000000 -0.880778 -0.000000 0.473530 -0.473530 0.000000 -0.880778
49.282661 23.530607 18.376438 0.445362 0.968306 0.880523 0.000000 -0.474004 0.474004 -0.000001 0.880523 -0.000000 -1.000000 -0.000001
49.282661 23.530607 18.376438 0.445362 0.968306 0.880521 0.000000 -0.474008 0.474008 0.000001 0.880520 0.000001 -1.000000 0.000001
49.282661 23.530607 18.376438 0.019872 0.370226 0.000000 -1.000000 -0.000000 -0.881780 -0.000000 0.471661 -0.471661 0.000000 -0.881780
49.282661 29.412493 18.376438 0.445362 0.878793 0.880523 0.000000 -0.474004 0.474004 -0.000001 0.880523 -0.000001 -1.000000 -0.000001
49.282661 29.412493 18.376438 0.445362 0.878793 0.880521 0.000000 -0.474008 0.474008 0.000002 0.880521 0.000001 -1.000000 0.000002
49.282661 29.412493 18.376438 0.018208 0.718066 0.000000 1.000000 -0.000000 -0.880776 0.000000 0.473532 -0.473532 -0.000000 -0.880776
16.231953 0.665139 29.126030 0.086984 0.463739 0.000000 -1.000000 0.000000 -0.881017 0.000000 0.473084 -0.473084 -0.000000 -0.881017
50.695393 23.530607 21.000734 0.485300 0.968306 0.880520 0.000000 -0.474009 0.474009 -0.000000 0.880520 -0.000000 -1.000000 -0.000000
50.695393 23.530607 21.000734 0.019751 0.324870 0.000000 -1.000000 -0.000000 -0.881779 -0.000000 0.471662 -0.471662 0.000000 -0.881779
50.695393 29.412493 21.000734 0.485300 0.878794 0.880520 0.000000 -0.474009 0.474009 -0.000001 0.880520 -0.000001 -1.000000 -0.000001
50.695393 29.412493 21.000734 0.018184 0.672710 0.000000 1.000000 -0.000000 -0.880775 0.000000 0.473534 -0.473534 -0.000000 -0.880775
42.433464 23.530607 5.653257 0.251736 0.968306 0.880520 0.000000 -0.474009 0.474009 -0.000001 0.880520 -0.000001 -1.000000 -0.000001
42.433464 23.530607 5.653257 0.020456 0.590124 0.000000 -1.000000 -0.000000 -0.881777 -0.000000 0.471666 -0.471666 0.000000 -0.881777
