VertexCount: 279
TriangleCount: 93
VertexType: 0
Vertices
-11.089355 151.816360 34.962524 0.100346 0.569581 -0.984459 0.141697 0.103745 -0.106808 -0.014163 -0.994179 0.139403 0.989809 -0.029078
-14.553101 106.328033 34.519409 0.103417 0.254184 -0.793480 0.000000 -0.608597 0.608597 -0.000007 -0.793480 0.000004 1.000000 -0.000005
-9.321411 132.716171 27.698364 0.150712 0.437149 -0.849454 0.000000 -0.527662 0.527662 -0.000006 -0.849455 0.000003 1.000000 -0.000005
-14.553101 106.328033 34.519409 0.103417 0.254184 -0.793480 0.000000 -0.608597 0.608597 -0.000006 -0.793480 0.000004 1.000000 -0.000005
-9.321411 118.223373 27.698364 0.150712 0.336662 -0.849454 0.000001 -0.527663 0.527663 -0.000006 -0.849454 0.000004 1.000000 -0.000005
-5.757324 146.475113 20.457397 0.200918 0.532547 -0.984534 -0.002783 -0.175169 0.175172 -0.000794 -0.984538 -0.002600 0.999996 -0.001269
-9.321411 132.716171 27.698364 0.150712 0.437149 -0.849454 0.000000 -0.527662 0.527662 0.000009 -0.849454 -0.000005 1.000000 0.000008
-9.321411 132.716171 27.698364 0.150712 0.437149 -0.849454 0.000000 -0.527662 0.527662 0.000012 -0.849454 -0.000006 1.000000 0.000010
-9.321411 118.223373 27.698364 0.150712 0.336662 -0.849454 0.000001 -0.527663 0.527663 0.000012 -0.849454 -0.000005 1.000000 0.000010
-5.757324 124.556778 20.457397 0.200918 0.380574 -0.984500 -0.000900 -0.175382 0.175382 -0.000248 -0.984500 -0.000842 1.000000 -0.000402
-6.436035 157.756378 10.708618 0.268512 0.610766 -0.967913 -0.002005 -0.251277 0.251275 0.000851 -0.967915 -0.002155 0.999998 0.000320
-5.757324 154.660294 20.457397 0.200918 0.589299 -0.981585 -0.015589 -0.190389 0.190498 -0.005808 -0.981670 -0.014197 0.999862 -0.008671
-5.757324 146.475113 20.457397 0.200918 0.532547 -0.984534 -0.002783 -0.175169 0.175167 0.000932 -0.984538 -0.002903 0.999996 0.000430
-5.757324 146.475113 20.457397 0.200918 0.532547 -0.984534 -0.002783 -0.175169 0.175167 0.000963 -0.984538 -0.002908 0.999996 0.000461
-5.757324 124.556778 20.457397 0.200918 0.380574 -0.984500 -0.000900 -0.175382 0.175382 0.000312 -0.984500 -0.000941 1.000000 0.000150
-7.298096 144.990021 10.708618 0.268512 0.522250 -0.967862 -0.000073 -0.251483 0.251483 0.000033 -0.967862 -0.000079 1.000000 0.000014
-14.553101 91.835236 34.519531 0.103417 0.153697 -0.793477 0.000002 -0.608600 0.608600 -0.000006 -0.793477 0.000005 1.000000 -0.000004
-9.321411 118.223373 27.698364 0.150712 0.336662 -0.849454 0.000001 -0.527663 0.527663 -0.000005 -0.849454 0.000003 1.000000 -0.000004
-14.553101 91.835236 34.519531 0.103417 0.153697 -0.793477 0.000002 -0.608600 0.608600 -0.000005 -0.793477 0.000004 1.000000 -0.000003
-9.321411 103.730576 27.698364 0.150712 0.236175 -0.849457 0.000000 -0.527657 0.527657 -0.000005 -0.849457 0.000003 1.000000 -0.000004
-5.757324 124.556778 20.457397 0.200918 0.380574 -0.984500 -0.000900 -0.175382 0.175382 -0.000248 -0.984500 -0.000842 1.000000 -0.000402
-9.321411 118.223373 27.698364 0.150712 0.336662 -0.849454 0.000001 -0.527663 0.527663 0.000011 -0.849454 -0.000005 1.000000 0.000010
0.293335 177.234024 0.545166 0.338981 0.745816 -0.807132 -0.011408 -0.590261 0.590301 -0.000114 -0.807184 -0.009141 0.999935 -0.006826
-9.321411 118.223373 27.698364 0.150712 0.336662 -0.849454 0.000001 -0.527663 0.527663 0.000011 -0.849454 -0.000005 1.000000 0.000009
-9.321411 103.730576 27.698364 0.150712 0.236175 -0.849457 0.000000 -0.527657 0.527657 0.000011 -0.849458 -0.000006 1.000000 0.000009
-5.757324 110.063980 20.457397 0.200918 0.280087 -0.979956 -0.014481 -0.198687 0.198761 -0.003800 -0.980041 -0.013437 0.999888 -0.006602
-5.757324 110.063980 20.457397 0.200918 0.280087 -0.979956 -0.014481 -0.198687 0.198650 0.003995 -0.980062 -0.014987 0.999887 0.001038
-5.757324 124.556778 20.457397 0.200918 0.380574 -0.984500 -0.000900 -0.175382 0.175382 0.000220 -0.984501 -0.000924 1.000000 0.000059
-7.298096 144.990021 10.708618 0.268512 0.522250 -0.967862 -0.000073 -0.251483 0.251483 0.000017 -0.967862 -0.000075 1.000000 -0.000002
-5.757324 124.556778 20.457397 0.200918 0.380574 -0.984500 -0.000900 -0.175382 0.175382 0.000199 -0.984500 -0.000921 1.000000 0.000038
-6.436035 128.770782 10.708618 0.268512 0.409793 -0.960159 -0.026945 -0.278151 0.278002 0.009178 -0.960537 -0.028435 0.999595 0.001321
-6.436035 201.234894 10.708618 0.268512 0.912227 -0.976166 0.030865 -0.214818 0.215264 0.011894 -0.976484 0.027584 0.999453 0.018254
-6.436035 201.234894 10.708618 0.268512 0.912227 -0.976166 0.030865 -0.214818 0.215306 0.013439 -0.976454 0.027251 0.999433 0.019764
-14.553101 106.328033 34.519409 0.103417 0.254184 -0.793480 0.000000 -0.608597 0.608597 -0.000004 -0.793480 0.000003 1.000000 -0.000003
-7.298096 188.468414 10.708618 0.268512 0.823710 -0.973669 0.015470 -0.227439 0.227559 0.006503 -0.973742 0.013585 0.999859 0.009852
0.293335 191.726822 0.545166 0.338981 0.846303 -0.811866 0.013001 -0.583699 0.583748 0.000053 -0.811935 0.010525 0.999915 0.007632
-7.298096 188.468414 10.708618 0.268512 0.823710 -0.973669 0.015470 -0.227439 0.227563 0.006762 -0.973740 0.013526 0.999857 0.010104
0.293335 191.726822 0.545166 0.338981 0.846303 -0.811866 0.013001 -0.583699 0.583750 0.000238 -0.811933 0.010417 0.999915 0.007782
0.293335 177.234024 0.545166 0.338981 0.745816 -0.807132 -0.011408 -0.590261 0.590301 -0.000114 -0.807184 -0.009141 0.999935 -0.006826
-7.298096 188.468414 10.708618 0.268512 0.823710 -0.973669 0.015470 -0.227439 0.227563 0.006763 -0.973740 0.013526 0.999858 0.010105
-7.298096 173.975616 10.708618 0.268512 0.723224 -0.965706 -0.015574 -0.259170 0.259290 -0.006206 -0.965780 -0.013432 0.999860 -0.010031
-7.298096 173.975616 10.708618 0.268512 0.723224 -0.965706 -0.015574 -0.259170 0.259290 -0.006205 -0.965780 -0.013432 0.999860 -0.010031
0.293335 177.234024 0.545166 0.338981 0.745816 -0.807132 -0.011408 -0.590261 0.590300 -0.000113 -0.807184 -0.009141 0.999935 -0.006825
0.293335 162.741226 0.545166 0.338981 0.645329 -0.817792 0.001592 -0.575512 0.575512 -0.000013 -0.817793 0.001309 0.999999 0.000905
-9.321411 132.716171 27.698364 0.150712 0.437149 -0.849454 0.000000 -0.527662 0.527662 -0.000004 -0.849454 0.000002 1.000000 -0.000004
-7.298096 173.975616 10.708618 0.268512 0.723224 -0.965706 -0.015574 -0.259170 0.259280 -0.005515 -0.965786 -0.013612 0.999864 -0.009363
-6.436035 157.756378 10.708618 0.268512 0.610766 -0.967913 -0.002005 -0.251277 0.251278 -0.000726 -0.967915 -0.001759 0.999998 -0.001206
-6.436035 157.756378 10.708618 0.268512 0.610766 -0.967913 -0.002005 -0.251277 0.251278 -0.000685 -0.967915 -0.001769 0.999998 -0.001167
0.293335 162.741226 0.545166 0.338981 0.645329 -0.817792 0.001592 -0.575512 0.575512 -0.000042 -0.817793 0.001326 0.999999 0.000882
0.293335 148.248428 0.545166 0.338981 0.544842 -0.817792 0.001592 -0.575512 0.575512 0.000025 -0.817793 0.001287 0.999999 0.000936
-6.436035 157.756378 10.708618 0.268512 0.610766 -0.967913 -0.002005 -0.251277 0.251278 -0.000784 -0.967915 -0.001744 0.999998 -0.001262
-7.298096 144.990021 10.708618 0.268512 0.522250 -0.967862 -0.000073 -0.251483 0.251483 -0.000026 -0.967862 -0.000064 1.000000 -0.000044
-7.298096 144.990021 10.708618 0.268512 0.522250 -0.967862 -0.000073 -0.251483 0.251483 -0.000028 -0.967862 -0.000064 1.000000 -0.000045
0.293335 148.248428 0.545166 0.338981 0.544842 -0.817792 0.001592 -0.575512 0.575513 0.000047 -0.817793 0.001275 0.999999 0.000954
0.293335 133.755630 0.545166 0.338981 0.444355 -0.812897 -0.022813 -0.581960 0.582104 0.000426 -0.813114 -0.018797 0.999740 -0.012933
-5.757324 146.475113 20.457397 0.200918 0.532547 -0.984534 -0.002783 -0.175169 0.175172 -0.000797 -0.984538 -0.002600 0.999996 -0.001272
-7.298096 144.990021 10.708618 0.268512 0.522250 -0.967862 -0.000073 -0.251483 0.251483 -0.000024 -0.967862 -0.000065 1.000000 -0.000042
-6.436035 128.770782 10.708618 0.268512 0.409793 -0.960159 -0.026945 -0.278151 0.278472 -0.008947 -0.960403 -0.023390 0.999597 -0.016094
2.488281 -0.014717 -1.616699 0.937578 0.939473 0.309018 0.000000 -0.951056 0.951056 0.000006 0.309018 0.000006 -1.000000 0.000002
-0.544922 207.515167 -2.602417 0.924729 0.060527 0.309018 0.000000 -0.951056 0.951056 0.000006 0.309018 0.000006 -1.000000 0.000002
2.488281 -0.014717 -1.616699 0.882490 0.939473 1.000000 0.000000 -0.000000 0.000000 -0.000026 1.000000 -0.000000 -1.000000 -0.000026
2.488281 207.515167 -1.616699 0.882490 0.060527 1.000000 0.000000 -0.000000 0.000000 -0.000019 1.000000 -0.000000 -1.000000 -0.000019
2.488281 -0.014717 -1.616699 0.882490 0.939473 1.000000 0.000000 -0.000000 0.000000 -0.000019 1.000000 -0.000000 -1.000000 -0.000019
2.488281 207.515106 1.572998 0.895999 0.060527 1.000000 0.000000 -0.000000 0.000000 -0.000019 1.000000 -0.000000 -1.000000 -0.000019
2.488281 207.515106 1.572998 0.895999 0.060527 0.309061 0.000000 0.951042 -0.951042 0.000006 0.309061 -0.000006 -1.000000 0.000002
2.488281 -0.014801 1.572998 0.895999 0.939473 0.309061 0.000000 0.951042 -0.951042 0.000006 0.309061 -0.000006 -1.000000 0.000002
0.293335 162.741226 0.545166 0.338981 0.645329 -0.817792 0.001592 -0.575512 0.575513 0.000047 -0.817793 0.001275 0.999999 0.000954
2.488281 207.515106 1.572998 0.895999 0.060527 0.309061 0.000000 0.951042 -0.951042 0.000000 0.309061 -0.000000 -1.000000 0.000000
-0.544922 -0.014782 2.558716 0.908848 0.939473 0.309061 0.000000 0.951042 -0.951042 0.000000 0.309061 -0.000000 -1.000000 0.000000
-0.544922 207.515106 2.558716 0.908848 0.060527 -0.808976 0.000000 0.587842 -0.587842 0.000007 -0.808976 -0.000004 -1.000000 -0.000006
-0.544922 -0.014782 2.558716 0.908848 0.939473 -0.808976 0.000000 0.587842 -0.587842 0.000007 -0.808976 -0.000004 -1.000000 -0.000006
-0.544922 207.515106 2.558716 0.908848 0.060527 -0.808976 0.000000 0.587842 -0.587842 0.000010 -0.808976 -0.000006 -1.000000 -0.000008
-2.420044 -0.014759 -0.021851 0.916789 0.939473 -0.808976 0.000000 0.587842 -0.587842 0.000010 -0.808976 -0.000006 -1.000000 -0.000008
-0.544922 -0.014736 -2.602417 0.924729 0.939473 -0.808959 0.000000 -0.587865 0.587865 0.000007 -0.808959 0.000004 -1.000000 -0.000006
-2.420044 207.515137 -0.021851 0.916789 0.060527 -0.808959 0.000000 -0.587865 0.587865 0.000007 -0.808959 0.000004 -1.000000 -0.000006
-2.420044 -0.014759 -0.021851 0.916789 0.939473 -0.808959 0.000000 -0.587865 0.587865 0.000007 -0.808959 0.000004 -1.000000 -0.000006
-2.420044 207.515137 -0.021851 0.916789 0.060527 -0.808959 0.000000 -0.587865 0.587865 0.000010 -0.808959 0.000006 -1.000000 -0.000008
-14.553101 91.835236 34.519531 0.103417 0.153697 -0.793477 0.000002 -0.608600 0.608600 -0.000007 -0.793477 0.000005 1.000000 -0.000004
-0.544922 -0.014736 -2.602417 0.924729 0.939473 -0.808959 0.000000 -0.587865 0.587865 0.000010 -0.808959 0.000006 -1.000000 -0.000008
-0.544922 207.515167 -2.602417 0.924729 0.060527 -0.808959 0.000000 -0.587865 0.587865 0.000010 -0.808959 0.000006 -1.000000 -0.000008
2.488281 -0.014717 -1.616699 0.796888 0.713399 0.000000 -1.000000 -0.000013 -1.000000 0.000000 -0.000016 0.000016 0.000013 -1.000000
-0.544922 -0.014736 -2.602417 0.811448 0.718130 0.000000 -1.000000 -0.000013 -1.000000 0.000000 -0.000016 0.000016 0.000013 -1.000000
2.488281 -0.014801 1.572998 0.796888 0.698090 0.000000 -1.000000 -0.000013 -1.000000 0.000000 -0.000016 0.000016 0.000013 -1.000000
-0.544922 -0.014736 -2.602417 0.811448 0.718130 0.000000 -1.000000 -0.000013 -1.000000 -0.000000 0.000010 -0.000010 0.000013 -1.000000
-0.544922 -0.014782 2.558716 0.811448 0.693359 0.000000 -1.000000 -0.000013 -1.000000 -0.000000 0.000010 -0.000010 0.000013 -1.000000
2.488281 -0.014801 1.572998 0.796888 0.698090 0.000000 -1.000000 -0.000013 -1.000000 -0.000000 0.000010 -0.000010 0.000013 -1.000000
-0.544922 -0.014782 2.558716 0.811448 0.693359 0.000000 -1.000000 -0.000013 -1.000000 -0.000000 0.000002 -0.000002 0.000013 -1.000000
-0.544922 -0.014736 -2.602417 0.811448 0.718130 0.000000 -1.000000 -0.000013 -1.000000 -0.000000 0.000002 -0.000002 0.000013 -1.000000
-9.321411 118.223373 27.698364 0.150712 0.336662 -0.849454 0.000001 -0.527663 0.527663 -0.000007 -0.849454 0.000004 1.000000 -0.000005
-2.420044 -0.014759 -0.021851 0.820446 0.705745 0.000000 -1.000000 -0.000013 -1.000000 -0.000000 0.000002 -0.000002 0.000013 -1.000000
4.168457 205.327911 -2.837402 0.485727 0.143926 0.383902 -0.880240 -0.278921 -0.917365 -0.397992 -0.006633 0.105170 -0.258419 0.960291
-2.101563 208.482666 -7.393188 0.604409 0.061919 -0.283424 -0.398477 -0.872289 -0.888428 -0.233360 0.395271 0.361063 -0.886995 0.287878
6.563965 208.482605 -4.577637 0.440394 0.112602 0.742013 -0.398476 -0.539104 -0.511693 -0.856194 -0.071433 0.433113 -0.328860 0.839205
4.168457 205.327911 -2.837402 0.485727 0.143926 0.383902 -0.880240 -0.278921 -0.888459 -0.434410 0.148082 0.251514 -0.190961 0.948828
6.563965 208.482727 4.533936 0.440394 0.276616 0.742013 -0.398476 0.539104 -0.511682 -0.856202 0.071411 -0.433126 0.328838 0.839206
4.168457 205.327911 -2.837402 0.485727 0.143926 0.383902 -0.880240 -0.278921 -0.888471 -0.434400 0.148038 0.251472 -0.190981 0.948835
4.168457 205.327850 2.793701 0.485727 0.245292 0.383902 -0.880240 0.278921 -0.917367 -0.397988 0.006646 -0.105157 0.258424 0.960291
4.168457 205.327850 2.793701 0.485727 0.245292 0.383902 -0.880240 0.278921 -0.917362 -0.397999 0.006606 -0.105195 0.258408 0.960291
-2.101563 208.482666 7.349487 0.604409 0.327300 -0.283424 -0.398476 0.872289 -0.888438 -0.233336 -0.395263 -0.361039 0.887001 0.287888
-5.757324 124.556778 20.457397 0.200918 0.380574 -0.984500 -0.000900 -0.175382 0.175382 -0.000250 -0.984500 -0.000842 1.000000 -0.000404
6.563965 208.482727 4.533936 0.440394 0.276616 0.742013 -0.398476 0.539104 -0.625591 -0.700605 0.343203 -0.240941 0.591919 0.769142
-1.186890 205.327942 4.533936 0.587094 0.276616 -0.146638 -0.880240 0.451304 -0.908434 0.300386 0.290715 0.391465 0.367350 0.843688
-7.457520 208.482666 -0.021851 0.705775 0.194609 -0.917179 -0.398476 0.000000 -0.398476 0.917179 -0.000012 -0.000005 0.000011 1.000000
-2.101563 208.482666 7.349487 0.604409 0.327300 -0.283424 -0.398476 0.872289 -0.715034 0.693943 0.084676 0.639060 0.599716 0.481604
-1.186890 205.327942 4.533936 0.587094 0.276616 -0.146638 -0.880240 0.451304 -0.908442 0.300379 0.290699 0.391447 0.367356 0.843694
-1.186890 205.327820 -4.577637 0.587094 0.112602 -0.146638 -0.880240 -0.451304 -0.908434 0.300386 -0.290715 -0.391464 -0.367350 0.843688
-7.457520 208.482666 -0.021851 0.705775 0.194609 -0.917179 -0.398476 0.000000 -0.398477 0.917179 -0.000000 0.000000 0.000000 1.000000
-4.497070 205.327881 -0.021851 0.649741 0.194609 -0.474529 -0.880240 0.000000 -0.880240 0.474529 0.000000 0.000000 0.000000 1.000000
-7.457520 208.482666 -0.021851 0.705775 0.194609 -0.917179 -0.398476 0.000000 -0.398476 0.917179 0.000011 0.000005 -0.000010 1.000000
-1.186890 205.327820 -4.577637 0.587094 0.112602 -0.146638 -0.880240 -0.451304 -0.908437 0.300384 -0.290710 -0.391459 -0.367352 0.843690
0.293335 148.248428 0.545166 0.338981 0.544842 -0.817792 0.001592 -0.575512 0.575512 -0.000042 -0.817793 0.001326 0.999999 0.000882
-9.321411 176.194550 27.698242 0.150712 0.738609 -0.978148 0.088755 -0.188015 0.187384 -0.015467 -0.982165 0.090080 0.995933 0.001502
-2.101563 208.482666 -7.393188 0.604409 0.061919 -0.283424 -0.398477 -0.872289 -0.715022 0.693954 -0.084685 -0.639073 -0.599704 0.481603
-2.101563 208.482666 -7.393188 0.604409 0.061919 -0.283424 -0.398477 -0.872289 0.909707 0.176137 -0.376044 0.303487 -0.900107 0.312576
6.563965 212.382141 -4.577637 0.440394 0.112602 0.742013 0.398476 -0.539104 -0.514936 -0.176134 -0.838938 -0.429252 0.900107 0.074496
-2.101563 208.482666 -7.393188 0.604409 0.061919 -0.283424 -0.398477 -0.872289 0.947784 -0.255062 -0.191437 -0.146205 -0.880999 0.449961
6.563965 208.482605 -4.577637 0.440394 0.112602 0.742013 -0.398476 -0.539104 0.322374 0.917179 -0.234219 0.587785 0.000000 0.809017
6.563965 212.382141 -4.577637 0.440394 0.112602 0.742013 0.398476 -0.539104 0.638751 -0.176124 0.748984 0.203504 -0.900109 -0.385213
6.563965 208.482727 4.533936 0.440394 0.276616 0.742013 -0.398476 0.539104 0.322374 0.917179 0.234219 -0.587785 -0.000000 0.809017
6.563965 208.482727 4.533936 0.440394 0.276616 0.742013 -0.398476 0.539104 0.638751 0.176124 -0.748984 0.203504 0.900109 0.385213
6.563965 212.382141 -4.577637 0.440394 0.112602 0.742013 0.398476 -0.539104 0.322374 -0.917179 -0.234219 -0.587785 0.000000 -0.809017
6.563965 208.482605 -4.577637 0.440394 0.112602 0.742013 -0.398476 -0.539104 0.474957 -0.255046 0.842239 -0.473109 -0.881004 0.000012
-14.553101 77.342438 34.519531 0.103417 0.053210 -0.793486 0.000000 -0.608589 0.608589 -0.000006 -0.793486 0.000004 1.000000 -0.000005
6.563965 208.482727 4.533936 0.440394 0.276616 0.742013 -0.398476 0.539104 -0.654251 -0.255067 0.711967 -0.146194 -0.880998 -0.449967
-2.101563 208.482666 7.349487 0.604409 0.327300 -0.283424 -0.398476 0.872289 -0.123136 0.917179 0.378974 -0.951057 0.000000 -0.309017
6.563965 208.482727 4.533936 0.440394 0.276616 0.742013 -0.398476 0.539104 -0.514936 0.176134 0.838938 -0.429252 -0.900107 -0.074496
-2.101563 212.382202 7.349487 0.604409 0.327300 -0.283424 0.398477 0.872289 0.947784 0.255062 0.191437 -0.146205 0.880999 -0.449960
6.563965 212.382263 4.533936 0.440394 0.276616 0.742013 0.398476 0.539104 0.322374 -0.917179 0.234219 0.587785 -0.000000 -0.809017
-2.101563 208.482666 7.349487 0.604409 0.327300 -0.283424 -0.398476 0.872289 -0.879306 -0.255042 -0.402212 0.382742 -0.881005 -0.278098
-7.457520 208.482666 -0.021851 0.705775 0.194609 -0.917179 -0.398476 0.000000 -0.398476 0.917179 0.000000 -0.000000 -0.000000 -1.000000
-2.101563 208.482666 7.349487 0.604409 0.327300 -0.283424 -0.398476 0.872289 -0.957001 0.176139 -0.230485 -0.061801 -0.900107 -0.431264
-7.457520 212.382202 -0.021851 0.705775 0.194609 -0.917179 0.398476 0.000000 0.110819 0.255075 0.960550 0.382756 0.880996 -0.278108
-2.101563 212.382202 7.349487 0.604409 0.327300 -0.283424 0.398477 0.872289 -0.123136 -0.917179 0.378974 0.951057 0.000000 0.309017
-9.321411 103.730576 27.698364 0.150712 0.236175 -0.849457 0.000000 -0.527657 0.527657 -0.000006 -0.849458 0.000003 1.000000 -0.000005
-2.101563 212.382202 -7.393188 0.604409 0.061919 -0.283424 0.398477 -0.872289 -0.957001 -0.176139 0.230485 -0.061801 0.900106 0.431264
-7.457520 208.482666 -0.021851 0.705775 0.194609 -0.917179 -0.398476 0.000000 0.110819 -0.255075 -0.960550 0.382757 -0.880996 0.278108
-2.101563 208.482666 -7.393188 0.604409 0.061919 -0.283424 -0.398477 -0.872289 -0.123136 0.917179 -0.378974 0.951056 0.000000 -0.309017
-7.457520 208.482666 -0.021851 0.705775 0.194609 -0.917179 -0.398476 0.000000 -0.076519 0.176124 -0.981389 0.391061 -0.900109 -0.192028
-2.101563 212.382202 -7.393188 0.604409 0.061919 -0.283424 0.398477 -0.872289 -0.879306 0.255042 0.402212 0.382743 0.881005 0.278098
-7.457520 212.382202 -0.021851 0.705775 0.194609 -0.917179 0.398476 0.000000 -0.398476 -0.917179 0.000000 0.000000 -0.000000 1.000000
-2.101563 212.382202 -7.393188 0.604409 0.061919 -0.283424 0.398477 -0.872289 -0.888438 0.233335 0.395263 0.361039 0.887001 0.287889
6.563965 212.382141 -4.577637 0.440394 0.112602 0.742013 0.398476 -0.539104 -0.625591 0.700605 -0.343203 0.240940 0.591920 0.769141
-2.101563 212.382202 -7.393188 0.604409 0.061919 -0.283424 0.398477 -0.872289 -0.888445 0.233317 0.395257 0.361020 0.887006 0.287897
4.168457 215.537018 -2.837402 0.485727 0.143926 0.383902 0.880240 -0.278921 -0.917366 0.397989 -0.006645 0.105158 0.258424 0.960291
-5.757324 110.063980 20.457397 0.200918 0.280087 -0.979956 -0.014481 -0.198687 0.198761 -0.003799 -0.980041 -0.013438 0.999888 -0.006602
4.168457 215.537018 -2.837402 0.485727 0.143926 0.383902 0.880240 -0.278921 -0.888453 0.434414 0.148105 0.251535 0.190951 0.948825
6.563965 212.382141 -4.577637 0.440394 0.112602 0.742013 0.398476 -0.539104 -0.511682 0.856202 -0.071411 0.433127 0.328838 0.839206
6.563965 212.382141 -4.577637 0.440394 0.112602 0.742013 0.398476 -0.539104 -0.511708 0.856183 -0.071461 0.433096 0.328889 0.839202
6.563965 212.382263 4.533936 0.440394 0.276616 0.742013 0.398476 0.539104 -0.511693 0.856194 0.071433 -0.433113 -0.328860 0.839205
4.168457 215.536957 2.793701 0.485727 0.245292 0.383902 0.880240 0.278921 -0.888459 0.434410 -0.148082 -0.251514 -0.190961 0.948828
-2.101563 212.382202 7.349487 0.604409 0.327300 -0.283424 0.398477 0.872289 -0.888449 0.233310 -0.395254 -0.361013 -0.887008 0.287900
4.168457 215.536957 2.793701 0.485727 0.245292 0.383902 0.880240 0.278921 -0.917363 0.397997 0.006614 -0.105188 -0.258411 0.960291
6.563965 212.382263 4.533936 0.440394 0.276616 0.742013 0.398476 0.539104 -0.625596 0.700593 0.343219 -0.240927 -0.591935 0.769134
4.168457 215.536957 2.793701 0.485727 0.245292 0.383902 0.880240 0.278921 -0.917365 0.397992 0.006634 -0.105169 -0.258419 0.960291
-2.101563 212.382202 7.349487 0.604409 0.327300 -0.283424 0.398477 0.872289 -0.888428 0.233359 -0.395270 -0.361062 -0.886995 0.287878
0.293335 133.755630 0.545166 0.338981 0.444355 -0.812897 -0.022813 -0.581960 0.582120 -0.000459 -0.813103 -0.018282 0.999740 -0.013653
-7.457520 212.382202 -0.021851 0.705775 0.194609 -0.917179 0.398476 0.000000 -0.398476 -0.917179 -0.000012 -0.000005 -0.000011 1.000000
-1.186890 215.537048 4.533936 0.587094 0.276616 -0.146638 0.880240 0.451304 -0.908437 -0.300383 0.290709 0.391458 -0.367352 0.843690
-2.101563 212.382202 7.349487 0.604409 0.327300 -0.283424 0.398477 0.872289 -0.715023 -0.693953 0.084685 0.639072 -0.599705 0.481603
-1.186890 215.537048 4.533936 0.587094 0.276616 -0.146638 0.880240 0.451304 -0.908434 -0.300386 0.290715 0.391465 -0.367350 0.843688
-7.457520 212.382202 -0.021851 0.705775 0.194609 -0.917179 0.398476 0.000000 -0.398477 -0.917179 -0.000000 0.000000 -0.000000 1.000000
-7.457520 212.382202 -0.021851 0.705775 0.194609 -0.917179 0.398476 0.000000 -0.398476 -0.917179 0.000011 0.000005 0.000010 1.000000
-2.101563 212.382202 -7.393188 0.604409 0.061919 -0.283424 0.398477 -0.872289 -0.715033 -0.693943 -0.084677 -0.639061 0.599716 0.481604
-1.186890 215.536926 -4.577637 0.587094 0.112602 -0.146638 0.880240 -0.451304 -0.908442 -0.300379 -0.290700 -0.391448 0.367356 0.843693
-7.457520 212.382202 -0.021851 0.705775 0.194609 -0.917179 0.398476 0.000000 -0.398476 -0.917179 -0.000000 0.000000 -0.000000 1.000000
-1.186890 215.536926 -4.577637 0.587094 0.112602 -0.146638 0.880240 -0.451304 -0.908434 -0.300386 -0.290715 -0.391465 0.367350 0.843688
-6.436035 201.234894 10.708618 0.268512 0.912227 -0.976166 0.030865 -0.214818 0.214502 -0.013255 -0.976634 0.032991 0.999436 -0.006318
-4.497070 215.536987 -0.021851 0.649741 0.194609 -0.474529 0.880240 0.000000 -0.880240 -0.474529 0.000000 0.000000 -0.000000 1.000000
4.168457 205.327911 -2.837402 0.485727 0.143926 0.383902 -0.880240 -0.278921 -0.922951 -0.374941 -0.087068 0.027938 -0.290856 0.956359
-1.186890 205.327820 -4.577637 0.587094 0.112602 -0.146638 -0.880240 -0.451304 -0.988196 0.109899 0.106733 0.044353 -0.461627 0.885965
4.168457 205.327850 2.793701 0.485727 0.245292 0.383902 -0.880240 0.278921 -0.919610 -0.391723 0.029506 -0.083288 0.267826 0.959861
4.168457 205.327911 -2.837402 0.485727 0.143926 0.383902 -0.880240 -0.278921 -0.919610 -0.391723 -0.029505 0.083288 -0.267826 0.959861
0.293335 204.122803 -0.021851 0.559076 0.194609 0.000000 -1.000000 0.000000 -1.000000 0.000000 -0.000000 -0.000000 0.000000 1.000000
-1.186890 205.327942 4.533936 0.587094 0.276616 -0.146638 -0.880240 0.451304 -0.988196 0.109905 -0.106721 -0.044339 0.461626 0.885966
4.168457 205.327850 2.793701 0.485727 0.245292 0.383902 -0.880240 0.278921 -0.922951 -0.374938 0.087076 -0.027930 0.290859 0.956358
0.293335 204.122803 -0.021851 0.559076 0.194609 0.000000 -1.000000 0.000000 -1.000000 -0.000000 0.000017 0.000017 0.000000 1.000000
-4.497070 205.327881 -0.021851 0.649741 0.194609 -0.474529 -0.880240 0.000000 -0.880240 0.474529 -0.000000 0.000000 0.000000 1.000000
-7.298096 188.468414 10.708618 0.268512 0.823710 -0.973669 0.015470 -0.227439 0.227367 -0.006287 -0.973789 0.016494 0.999861 -0.002604
-1.186890 205.327942 4.533936 0.587094 0.276616 -0.146638 -0.880240 0.451304 -0.983011 0.180586 0.032822 0.110391 0.438824 0.891766
0.293335 204.122803 -0.021851 0.559076 0.194609 0.000000 -1.000000 0.000000 -1.000000 -0.000000 0.000000 0.000000 0.000000 1.000000
-1.186890 205.327820 -4.577637 0.587094 0.112602 -0.146638 -0.880240 -0.451304 -0.983011 0.180586 -0.032822 -0.110391 -0.438824 0.891767
-4.497070 205.327881 -0.021851 0.649741 0.194609 -0.474529 -0.880240 0.000000 -0.880240 0.474529 -0.000000 0.000000 0.000000 1.000000
0.293335 204.122803 -0.021851 0.559076 0.194609 0.000000 -1.000000 0.000000 -1.000000 -0.000000 0.000000 0.000000 0.000000 1.000000
-1.186890 215.536926 -4.577637 0.587094 0.112602 -0.146638 0.880240 -0.451304 -0.988196 -0.109905 0.106721 0.044339 0.461626 0.885966
4.168457 215.537018 -2.837402 0.485727 0.143926 0.383902 0.880240 -0.278921 -0.922951 0.374938 -0.087076 0.027930 0.290859 0.956358
4.168457 215.537018 -2.837402 0.485727 0.143926 0.383902 0.880240 -0.278921 -0.919610 0.391723 -0.029506 0.083288 0.267826 0.959861
4.168457 215.536957 2.793701 0.485727 0.245292 0.383902 0.880240 0.278921 -0.919610 0.391723 0.029506 -0.083288 -0.267826 0.959861
0.293335 216.742065 -0.021851 0.559076 0.194609 0.000000 1.000000 0.000000 -1.000000 0.000000 -0.000000 -0.000000 -0.000000 1.000000
-7.298096 173.975616 10.708618 0.268512 0.723224 -0.965706 -0.015574 -0.259170 0.259091 0.006934 -0.965828 -0.016838 0.999855 0.002661
4.168457 215.536957 2.793701 0.485727 0.245292 0.383902 0.880240 0.278921 -0.922951 0.374941 0.087068 -0.027938 -0.290856 0.956359
-1.186890 215.537048 4.533936 0.587094 0.276616 -0.146638 0.880240 0.451304 -0.988196 -0.109899 -0.106733 -0.044353 -0.461628 0.885964
0.293335 216.742065 -0.021851 0.559076 0.194609 0.000000 1.000000 0.000000 -1.000000 0.000000 0.000017 0.000017 -0.000000 1.000000
-1.186890 215.537048 4.533936 0.587094 0.276616 -0.146638 0.880240 0.451304 -0.983011 -0.180586 0.032822 0.110391 -0.438824 0.891766
-4.497070 215.536987 -0.021851 0.649741 0.194609 -0.474529 0.880240 0.000000 -0.880240 -0.474529 -0.000000 0.000000 -0.000000 1.000000
0.293335 216.742065 -0.021851 0.559076 0.194609 0.000000 1.000000 0.000000 -1.000000 0.000000 0.000000 0.000000 -0.000000 1.000000
-4.497070 215.536987 -0.021851 0.649741 0.194609 -0.474529 0.880240 0.000000 -0.880240 -0.474529 -0.000000 0.000000 -0.000000 1.000000
-1.186890 215.536926 -4.577637 0.587094 0.112602 -0.146638 0.880240 -0.451304 -0.983011 -0.180586 -0.032822 -0.110391 0.438824 0.891766
0.293335 216.742065 -0.021851 0.559076 0.194609 0.000000 1.000000 0.000000 -1.000000 0.000000 0.000000 0.000000 -0.000000 1.000000
-6.436035 157.756378 10.708618 0.268512 0.610766 -0.967913 -0.002005 -0.251277 0.251276 0.000669 -0.967915 -0.002109 0.999998 0.000144
-7.298096 144.990021 10.708618 0.268512 0.522250 -0.967862 -0.000073 -0.251483 0.251483 0.000032 -0.967862 -0.000079 1.000000 0.000013
-6.436035 128.770782 10.708618 0.268512 0.409793 -0.960159 -0.026945 -0.278151 0.277983 0.009872 -0.960535 -0.028628 0.999588 0.001988
-5.757324 183.645874 20.457397 0.200918 0.790273 -0.987537 0.031223 -0.154258 0.154627 0.009746 -0.987925 0.029342 0.999465 0.014452
-0.544922 -0.014736 -2.602417 0.924729 0.939473 0.309018 0.000000 -0.951056 0.951056 0.000006 0.309018 0.000006 -1.000000 0.000002
2.488281 -0.014717 -1.616699 0.937578 0.939473 0.309018 0.000000 -0.951056 0.951056 0.000000 0.309018 0.000000 -1.000000 0.000000
2.488281 -0.014801 1.572998 0.895999 0.939473 1.000000 0.000000 -0.000000 0.000000 -0.000026 1.000000 -0.000000 -1.000000 -0.000026
-0.544922 -0.014782 2.558716 0.908848 0.939473 0.309061 0.000000 0.951042 -0.951042 0.000006 0.309061 -0.000006 -1.000000 0.000002
-2.420044 -0.014759 -0.021851 0.916789 0.939473 -0.808976 0.000000 0.587842 -0.587842 0.000007 -0.808976 -0.000004 -1.000000 -0.000006
-0.544922 207.515167 -2.602417 0.924729 0.060527 0.309018 0.000000 -0.951056 0.951056 0.000000 0.309018 0.000000 -1.000000 0.000000
2.488281 207.515167 -1.616699 0.937578 0.060527 0.309018 0.000000 -0.951056 0.951056 0.000000 0.309018 0.000000 -1.000000 0.000000
2.488281 207.515106 1.572998 0.895999 0.060527 1.000000 0.000000 -0.000000 0.000000 -0.000026 1.000000 -0.000000 -1.000000 -0.000026
-0.544922 207.515106 2.558716 0.908848 0.060527 0.309061 0.000000 0.951042 -0.951042 0.000000 0.309061 -0.000000 -1.000000 0.000000
-2.420044 207.515137 -0.021851 0.916789 0.060527 -0.808976 0.000000 0.587842 -0.587842 0.000010 -0.808976 -0.000006 -1.000000 -0.000008
0.293335 206.219604 0.545166 0.338981 0.946790 -0.822147 0.025995 -0.568681 0.568861 -0.000535 -0.822433 0.021683 0.999662 0.014348
-1.186890 205.327820 -4.577637 0.587094 0.112602 -0.146638 -0.880240 -0.451304 -0.970282 0.039215 0.238778 0.192484 -0.472906 0.859831
4.168457 205.327911 -2.837402 0.485727 0.143926 0.383902 -0.880240 -0.278921 -0.917363 -0.397997 -0.006614 0.105188 -0.258411 0.960291
4.168457 205.327850 2.793701 0.485727 0.245292 0.383902 -0.880240 0.278921 -0.888453 -0.434414 -0.148105 -0.251535 0.190951 0.948825
-1.186890 205.327942 4.533936 0.587094 0.276616 -0.146638 -0.880240 0.451304 -0.970288 0.039228 -0.238754 -0.192457 0.472905 0.859838
-4.497070 205.327881 -0.021851 0.649741 0.194609 -0.474529 -0.880240 0.000000 -0.880240 0.474529 0.000000 0.000000 0.000000 1.000000
-2.101563 208.482666 -7.393188 0.604409 0.061919 -0.283424 -0.398477 -0.872289 -0.888449 -0.233309 0.395254 0.361012 -0.887008 0.287901
6.563965 208.482605 -4.577637 0.440394 0.112602 0.742013 -0.398476 -0.539104 -0.625596 -0.700592 -0.343220 0.240927 -0.591935 0.769134
6.563965 208.482727 4.533936 0.440394 0.276616 0.742013 -0.398476 0.539104 -0.511708 -0.856183 0.071461 -0.433096 0.328889 0.839202
-2.101563 208.482666 7.349487 0.604409 0.327300 -0.283424 -0.398476 0.872289 -0.888446 -0.233316 -0.395256 -0.361019 0.887006 0.287898
-7.457520 208.482666 -0.021851 0.705775 0.194609 -0.917179 -0.398476 0.000000 -0.398476 0.917179 -0.000000 0.000000 0.000000 1.000000
-14.051514 139.124573 33.446533 0.110857 0.481581 -0.950710 0.062074 -0.303805 0.302129 -0.035039 -0.952623 0.069779 0.997456 -0.014557
-2.101563 212.382202 -7.393188 0.604409 0.061919 -0.283424 0.398477 -0.872289 -0.123136 -0.917179 -0.378974 -0.951057 -0.000000 0.309017
6.563965 212.382141 -4.577637 0.440394 0.112602 0.742013 0.398476 -0.539104 -0.654251 0.255067 -0.711967 -0.146194 0.880998 0.449967
6.563965 212.382263 4.533936 0.440394 0.276616 0.742013 0.398476 0.539104 0.474957 0.255046 -0.842239 -0.473109 0.881004 -0.000012
-2.101563 212.382202 7.349487 0.604409 0.327300 -0.283424 0.398477 0.872289 0.909707 -0.176137 0.376044 0.303487 0.900107 -0.312576
-7.457520 212.382202 -0.021851 0.705775 0.194609 -0.917179 0.398476 0.000000 -0.076519 -0.176124 0.981389 0.391061 0.900109 0.192028
-1.186890 215.536926 -4.577637 0.587094 0.112602 -0.146638 0.880240 -0.451304 -0.970287 -0.039227 0.238755 0.192458 0.472905 0.859838
4.168457 215.537018 -2.837402 0.485727 0.143926 0.383902 0.880240 -0.278921 -0.917362 0.397999 -0.006607 0.105195 0.258408 0.960291
4.168457 215.536957 2.793701 0.485727 0.245292 0.383902 0.880240 0.278921 -0.888471 0.434401 -0.148037 -0.251472 -0.190982 0.948835
-1.186890 215.537048 4.533936 0.587094 0.276616 -0.146638 0.880240 0.451304 -0.970282 -0.039215 -0.238777 -0.192483 -0.472906 0.859832
-4.497070 215.536987 -0.021851 0.649741 0.194609 -0.474529 0.880240 0.000000 -0.880240 -0.474529 0.000000 0.000000 -0.000000 1.000000
-10.183472 163.428207 27.698364 0.150712 0.650093 -0.916502 0.030765 -0.398846 0.398326 -0.021772 -0.916986 0.036894 0.999290 -0.007699
0.293335 204.122803 -0.021851 0.559076 0.194609 0.000000 -1.000000 0.000000 -1.000000 -0.000000 -0.000017 -0.000017 0.000000 1.000000
0.293335 216.742065 -0.021851 0.559076 0.194609 0.000000 1.000000 0.000000 -1.000000 0.000000 -0.000017 -0.000017 -0.000000 1.000000
-11.089355 151.816360 34.962524 0.100346 0.569581 -0.984459 0.141697 0.103745 -0.102345 0.017153 -0.994601 0.142712 0.989761 0.002384
-10.183472 163.428207 27.698364 0.150712 0.650093 -0.916502 0.030765 -0.398846 0.398642 -0.012781 -0.917018 0.033310 0.999445 0.000550
-9.321411 176.194550 27.698242 0.150712 0.738609 -0.978148 0.088755 -0.188015 0.190825 0.024231 -0.981325 0.082541 0.995759 0.040638
-9.321411 176.194550 27.698242 0.150712 0.738609 -0.978148 0.088755 -0.188015 0.191234 0.029191 -0.981110 0.081590 0.995626 0.045526
-10.183472 163.428207 27.698364 0.150712 0.650093 -0.916502 0.030765 -0.398846 0.399119 0.003044 -0.916894 0.026994 0.999522 0.015068
-5.757324 169.153091 20.457397 0.200918 0.689786 -0.985692 0.009223 -0.168305 0.168341 0.003268 -0.985723 0.008541 0.999952 0.004774
-5.757324 169.153091 20.457397 0.200918 0.689786 -0.985692 0.009223 -0.168305 0.168283 -0.003114 -0.985734 0.009616 0.999953 -0.001517
-5.757324 183.645874 20.457397 0.200918 0.790273 -0.987537 0.031223 -0.154258 0.154015 -0.010052 -0.988017 0.032399 0.999462 -0.005118
-5.757324 169.153091 20.457397 0.200918 0.689786 -0.985692 0.009223 -0.168305 0.168336 0.002744 -0.985726 0.008630 0.999954 0.004257
-5.757324 183.645874 20.457397 0.200918 0.790273 -0.987537 0.031223 -0.154258 0.153979 -0.011186 -0.988011 0.032574 0.999450 -0.006239
-7.298096 188.468414 10.708618 0.268512 0.823710 -0.973669 0.015470 -0.227439 0.227357 -0.006885 -0.973787 0.016630 0.999857 -0.003186
-14.051514 139.124573 33.446533 0.110857 0.481581 -0.950710 0.062074 -0.303805 0.305830 0.026012 -0.951731 0.051176 0.997733 0.043714
-10.183472 163.428207 27.698364 0.150712 0.650093 -0.916502 0.030765 -0.398846 0.399302 0.010206 -0.916763 0.024133 0.999475 0.021639
-14.051514 139.124573 33.446533 0.110857 0.481581 -0.950710 0.062074 -0.303805 0.305921 0.027801 -0.951651 0.050627 0.997684 0.045421
-9.321411 147.208969 27.698364 0.150712 0.537635 -0.831629 -0.013227 -0.555175 0.555243 -0.001921 -0.831686 -0.009934 0.999911 -0.008942
-5.757324 169.153091 20.457397 0.200918 0.689786 -0.985692 0.009223 -0.168305 0.168344 0.003686 -0.985721 0.008471 0.999951 0.005186
-10.183472 163.428207 27.698364 0.150712 0.650093 -0.916502 0.030765 -0.398846 0.399152 0.004283 -0.916875 0.026499 0.999518 0.016206
-10.183472 163.428207 27.698364 0.150712 0.650093 -0.916502 0.030765 -0.398846 0.399112 0.002783 -0.916898 0.027098 0.999523 0.014829
-9.321411 147.208969 27.698364 0.150712 0.537635 -0.831629 -0.013227 -0.555175 0.555210 0.001177 -0.831710 -0.011655 0.999912 -0.006365
0.293335 191.726822 0.545166 0.338981 0.846303 -0.811866 0.013001 -0.583699 0.583742 -0.000508 -0.811939 0.010853 0.999915 0.007176
-5.757324 154.660294 20.457397 0.200918 0.589299 -0.981585 -0.015589 -0.190389 0.190486 -0.004965 -0.981677 -0.014358 0.999866 -0.007843
-5.757324 154.660294 20.457397 0.200918 0.589299 -0.981585 -0.015589 -0.190389 0.190323 0.005660 -0.981705 -0.016381 0.999862 0.002589
-5.757324 169.153091 20.457397 0.200918 0.689786 -0.985692 0.009223 -0.168305 0.168283 -0.003116 -0.985734 0.009616 0.999953 -0.001520
-7.298096 188.468414 10.708618 0.268512 0.823710 -0.973669 0.015470 -0.227439 0.227367 -0.006290 -0.973789 0.016495 0.999861 -0.002607
-5.757324 169.153091 20.457397 0.200918 0.689786 -0.985692 0.009223 -0.168305 0.168283 -0.003117 -0.985734 0.009616 0.999953 -0.001520
-7.298096 173.975616 10.708618 0.268512 0.723224 -0.965706 -0.015574 -0.259170 0.259091 0.006934 -0.965828 -0.016838 0.999855 0.002661
-14.553101 120.820831 34.519531 0.103417 0.354671 -0.773203 -0.014172 -0.634001 0.634059 0.000457 -0.773284 -0.011249 0.999899 -0.008633
-9.321411 147.208969 27.698364 0.150712 0.537635 -0.831629 -0.013227 -0.555175 0.555232 -0.000874 -0.831695 -0.010516 0.999912 -0.008071
-14.553101 120.820831 34.519531 0.103417 0.354671 -0.773203 -0.014172 -0.634001 0.634059 0.000457 -0.773284 -0.011249 0.999900 -0.008633
-9.321411 132.716171 27.698364 0.150712 0.437149 -0.849454 0.000000 -0.527662 0.527662 -0.000004 -0.849454 0.000002 1.000000 -0.000004
-14.553101 120.820831 34.519531 0.103417 0.354671 -0.773203 -0.014172 -0.634001 0.634068 -0.000315 -0.773277 -0.010759 0.999900 -0.009230
-5.757324 154.660294 20.457397 0.200918 0.589299 -0.981585 -0.015589 -0.190389 0.190476 -0.004237 -0.981683 -0.014497 0.999870 -0.007128
-9.321411 147.208969 27.698364 0.150712 0.537635 -0.831629 -0.013227 -0.555175 0.555203 0.001752 -0.831713 -0.011974 0.999911 -0.005886
-9.321411 147.208969 27.698364 0.150712 0.537635 -0.831629 -0.013227 -0.555175 0.555203 0.001752 -0.831713 -0.011974 0.999911 -0.005887
-9.321411 132.716171 27.698364 0.150712 0.437149 -0.849454 0.000000 -0.527662 0.527662 0.000006 -0.849454 -0.000003 1.000000 0.000005
-5.757324 146.475113 20.457397 0.200918 0.532547 -0.984534 -0.002783 -0.175169 0.175172 -0.000798 -0.984538 -0.002600 0.999996 -0.001273
-5.757324 146.475113 20.457397 0.200918 0.532547 -0.984534 -0.002783 -0.175169 0.175168 0.000694 -0.984538 -0.002861 0.999996 0.000196
-5.757324 154.660294 20.457397 0.200918 0.589299 -0.981585 -0.015589 -0.190389 0.190347 0.004161 -0.981708 -0.016096 0.999870 0.001117
-7.298096 173.975616 10.708618 0.268512 0.723224 -0.965706 -0.015574 -0.259170 0.259122 0.005069 -0.965831 -0.016355 0.999866 0.000860
-5.757324 154.660294 20.457397 0.200918 0.589299 -0.981585 -0.015589 -0.190389 0.190352 0.003882 -0.981708 -0.016043 0.999871 0.000843
-6.436035 157.756378 10.708618 0.268512 0.610766 -0.967913 -0.002005 -0.251277 0.251276 0.000632 -0.967915 -0.002100 0.999998 0.000108
-9.321411 147.208969 27.698364 0.150712 0.537635 -0.831629 -0.013227 -0.555175 0.555240 -0.001602 -0.831689 -0.010112 0.999911 -0.008676
Indices
0
234 223 238
237 111 239
201 245 242
241 240 244
177 243 247
246 166 248
278 267 251
250 249 253
252 11 257
255 254 259
188 258 262
261 260 263
44 33 266
265 264 55
269 268 272
271 270 274
198 273 277
276 275 1
88 77 4
3 2 6
5 99 9
8 7 199
12 10 15
14 13 16
133 122 19
18 17 21
20 144 25
24 23 27
200 26 30
29 28 31
212 256 35
34 32 37
22 36 40
39 38 42
66 41 46
45 43 48
110 47 51
50 49 53
155 52 57
56 54 208
203 207 202
59 58 60
209 204 63
62 61 65
64 205 210
68 67 70
69 206 211
72 71 75
74 73 79
78 76 82
81 80 85
84 83 89
87 86 219
214 218 213
91 90 93
92 220 215
95 94 221
216 96 100
98 97 217
101 222 104
103 102 107
106 105 112
109 108 113
224 225 116
115 114 226
118 117 121
120 119 227
124 123 127
126 125 129
128 228 132
131 130 136
135 134 139
138 137 230
141 140 229
143 142 146
145 231 149
148 147 152
151 150 232
154 153 158
157 156 233
160 159 163
162 161 167
165 164 235
169 168 172
171 170 175
174 173 179
178 176 182
181 180 236
184 183 187
186 185 191
190 189 194
193 192 197
196 195
SkeletonBoneCount: 0
