VertexCount: 24
TriangleCount: 8
Vertices
0.000009 71.991081 70.710678 0.496021 0.503981 -0.577350 0.577350 0.577350 0.707107 -0.000000 0.707107 0.408248 0.816497 -0.408248
0.000009 71.991081 70.710678 0.503979 0.009952 0.577350 0.577350 0.577350 0.707107 -0.707107 -0.000000 0.408248 0.408248 -0.816497
0.000009 71.991081 70.710678 0.496021 0.503981 -0.580048 -0.571917 0.580048 0.707107 -0.000000 0.707107 -0.404407 0.820311 0.404407
0.000009 71.991081 70.710678 0.503979 0.009952 0.580048 -0.571917 0.580048 0.702099 0.712080 -0.000000 0.413040 -0.407251 -0.814583
-70.710678 71.991081 0.000006 0.001992 0.503981 -0.580048 -0.571917 -0.580048 0.707107 0.000000 -0.707107 -0.404407 0.820311 -0.404407
-70.710678 71.991081 0.000006 0.001992 0.503981 -0.580048 -0.571917 0.580048 0.707107 -0.000000 0.707107 -0.404407 0.820311 0.404407
-70.710678 71.991081 0.000006 0.001992 0.503981 -0.577350 0.577350 0.577350 0.707107 -0.000000 0.707107 0.408248 0.816497 -0.408248
-70.710678 71.991081 0.000006 0.001992 0.503981 -0.577350 0.577350 -0.577350 0.707107 0.000000 -0.707107 0.408248 0.816497 0.408248
-0.000003 71.991081 -70.710678 0.496021 0.503981 -0.580048 -0.571917 -0.580048 0.707107 0.000000 -0.707107 -0.404407 0.820311 -0.404407
-0.000003 71.991081 -70.710678 0.503979 0.998010 0.580048 -0.571917 -0.580048 0.702099 0.712080 0.000000 -0.413040 0.407251 -0.814583
-0.000003 71.991081 -70.710678 0.496021 0.503981 -0.577350 0.577350 -0.577350 0.707107 0.000000 -0.707107 0.408248 0.816497 0.408248
-0.000003 71.991081 -70.710678 0.503979 0.998010 0.577350 0.577350 -0.577350 0.707107 -0.707107 -0.000000 -0.408248 -0.408248 -0.816497
70.710678 71.991081 -0.000000 0.998008 0.503981 0.580048 -0.571917 0.580048 0.702099 0.712080 -0.000000 0.413040 -0.407251 -0.814583
70.710678 71.991081 -0.000000 0.998008 0.503981 0.580048 -0.571917 -0.580048 0.702099 0.712080 0.000000 -0.413040 0.407251 -0.814583
70.710678 71.991081 -0.000000 0.998008 0.503981 0.577350 0.577350 -0.577350 0.707107 -0.707107 -0.000000 -0.408248 -0.408248 -0.816497
70.710678 71.991081 -0.000000 0.998008 0.503981 0.577350 0.577350 0.577350 0.707107 -0.707107 -0.000000 0.408248 0.408248 -0.816497
0.000000 142.701752 -0.000000 0.503979 0.503981 0.577350 0.577350 0.577350 0.707107 -0.707107 -0.000000 0.408248 0.408248 -0.816497
0.000000 142.701752 -0.000000 0.496021 0.998010 -0.577350 0.577350 0.577350 0.707107 -0.000000 0.707107 0.408248 0.816497 -0.408248
0.000000 142.701752 -0.000000 0.496021 0.998010 -0.577350 0.577350 -0.577350 0.707107 0.000000 -0.707107 0.408248 0.816497 0.408248
0.000000 142.701752 -0.000000 0.503979 0.503981 0.577350 0.577350 -0.577350 0.707107 -0.707107 -0.000000 -0.408248 -0.408248 -0.816497
0.000000 0.275205 -0.000000 0.496021 0.002929 -0.580048 -0.571917 -0.580048 0.707107 0.000000 -0.707107 -0.404407 0.820311 -0.404407
0.000000 0.275205 -0.000000 0.496021 0.002929 -0.580048 -0.571917 0.580048 0.707107 -0.000000 0.707107 -0.404407 0.820311 0.404407
0.000000 0.275205 -0.000000 0.503979 0.503981 0.580048 -0.571917 0.580048 0.702099 0.712080 -0.000000 0.413040 -0.407251 -0.814583
0.000000 0.275205 -0.000000 0.503979 0.503981 0.580048 -0.571917 -0.580048 0.702099 0.712080 0.000000 -0.413040 0.407251 -0.814583
Indices
17
6 0 18
10 7 19
14 11 16
1 15 20
4 8 21
2 5 22
12 3 23
9 13