VertexCount: 6705
TriangleCount: 8908
VertexType: 1
Vertices
-0.227671 0.109263 -0.108946 0.551415 0.069341 0.668154 -0.168927 0.724593 0.405929 0.898934 -0.164739 -0.623532 0.404204 0.669198 10 22 23 24 0.001452 0.005421 0.009464 0.983663
0.246335 1.556486 -0.497727 0.032593 0.102253 0.378601 0.075243 -0.922496 0.004931 0.996512 0.083303 0.925547 -0.036087 0.376910 15 0 0 0 1.000000 0.000000 0.000000 0.000000
0.351904 1.534879 -0.427230 0.027885 0.125257 0.804980 0.033963 -0.592329 -0.027429 0.999423 0.020029 0.592668 0.000124 0.805447 15 0 0 0 1.000000 0.000000 0.000000 0.000000
0.351904 1.534879 -0.427230 0.879470 0.254802 0.804980 0.033963 -0.592329 0.592518 0.005288 0.805540 0.030491 -0.999409 -0.015867 15 0 0 0 1.000000 0.000000 0.000000 0.000000
0.325934 1.533902 -0.452992 0.027672 0.119598 0.635553 0.009104 -0.772004 0.001901 0.999909 0.013356 0.772055 -0.009956 0.635478 15 0 0 0 1.000000 0.000000 0.000000 0.000000
0.348189 1.556530 -0.428941 0.032603 0.124447 0.792691 0.148665 -0.591219 -0.052972 0.982938 0.176142 0.607318 -0.108308 0.787042 15 0 0 0 1.000000 0.000000 0.000000 0.000000
0.348189 1.556530 -0.428941 0.879097 0.250084 0.792691 0.148665 -0.591219 0.594999 0.022480 0.803412 0.132730 -0.988632 -0.070636 15 0 0 0 1.000000 0.000000 0.000000 0.000000
0.323180 1.555588 -0.453750 0.032398 0.118998 0.631230 0.100308 -0.769082 0.002401 0.991344 0.131267 0.775592 -0.084706 0.625525 15 0 0 0 1.000000 0.000000 0.000000 0.000000
0.362946 1.539297 -0.382217 0.889278 0.253839 0.991912 0.113361 0.057090 -0.057459 -0.000009 0.998348 0.113174 -0.993554 0.006505 15 0 0 0 1.000000 0.000000 0.000000 0.000000
0.364426 1.536751 -0.402886 0.884775 0.254394 0.974172 0.085222 -0.209110 0.209582 0.003466 0.977785 0.084053 -0.996356 -0.014484 15 0 0 0 1.000000 0.000000 0.000000 0.000000
0.358822 1.560784 -0.385594 0.888543 0.249157 0.960658 0.275534 0.034878 -0.036538 0.000890 0.999332 0.275319 -0.961291 0.010923 15 0 0 0 1.000000 0.000000 0.000000 0.000000
0.360247 1.558332 -0.405498 0.884205 0.249691 0.946598 0.235186 -0.220543 0.226790 0.000500 0.973943 0.229168 -0.971950 -0.052864 15 0 0 0 1.000000 0.000000 0.000000 0.000000
0.129337 1.583900 -0.517276 0.038567 0.076759 -0.093128 0.274423 -0.957089 -0.000251 0.961260 0.275643 0.995654 0.025910 -0.089452 15 0 0 0 1.000000 0.000000 0.000000 0.000000
-0.294303 0.181543 -0.241411 0.276569 0.549885 -0.919811 -0.311884 -0.238066 0.076255 -0.737281 0.671269 -0.384880 0.599287 0.701942 22 24 25 0 0.002857 0.498572 0.498572 0.000000
0.103748 1.586734 -0.510348 0.039184 0.071183 -0.394826 0.394067 -0.829954 -0.004444 0.902516 0.430634 0.918745 0.173714 -0.354585 15 0 0 0 1.000000 0.000000 0.000000 0.000000
0.138790 1.602734 -0.511552 0.042671 0.078819 -0.076489 0.386852 -0.918964 -0.000163 0.921659 0.388000 0.997070 0.029828 -0.070434 15 0 0 0 1.000000 0.000000 0.000000 0.000000
0.115553 1.605307 -0.505260 0.043232 0.073756 -0.346128 0.520467 -0.780583 -0.002749 0.831445 0.555600 0.938183 0.194455 -0.286356 15 0 0 0 1.000000 0.000000 0.000000 0.000000
0.102416 1.607763 -0.493188 0.043767 0.070893 -0.488633 0.581897 -0.650103 0.011303 0.749272 0.662166 0.872416 0.316208 -0.372696 15 0 0 0 1.000000 0.000000 0.000000 0.000000
0.089281 1.589438 -0.497053 0.039774 0.068031 -0.556476 0.451598 -0.697419 0.013548 0.844211 0.535840 0.830753 0.288733 -0.475902 15 0 0 0 1.000000 0.000000 0.000000 0.000000
0.204110 1.578925 -0.509391 0.037483 0.093052 0.255507 0.167969 -0.952104 0.000011 0.984792 0.173739 0.966807 -0.044402 0.251619 15 0 0 0 1.000000 0.000000 0.000000 0.000000
0.164041 1.581214 -0.516826 0.037982 0.084321 0.110136 0.203031 -0.972959 0.000074 0.978912 0.204282 0.993917 -0.022570 0.107798 15 0 0 0 1.000000 0.000000 0.000000 0.000000
0.206687 1.598216 -0.504392 0.041686 0.093614 0.254748 0.258776 -0.931739 0.000002 0.963529 0.267605 0.967008 -0.068173 0.245457 15 0 0 0 1.000000 0.000000 0.000000 0.000000
0.170303 1.600294 -0.511142 0.042139 0.085686 0.114550 0.301668 -0.946507 0.000071 0.952776 0.303675 0.993418 -0.034853 0.109119 15 0 0 0 1.000000 0.000000 0.000000 0.000000
0.285039 1.576412 -0.476410 0.036935 0.110687 0.494162 0.164122 -0.853737 0.000834 0.981929 0.189247 0.869369 -0.094231 0.485096 15 0 0 0 1.000000 0.000000 0.000000 0.000000
-0.288843 0.198340 -0.211871 0.085883 0.023312 -0.516109 -0.292972 0.804860 -0.804399 0.488593 -0.337964 -0.294235 -0.821854 -0.487833 22 24 25 0 0.001341 0.499330 0.499330 0.000000
-0.288843 0.198340 -0.211871 0.432808 0.022244 -0.516109 -0.292972 0.804860 0.796348 0.181865 0.576850 -0.315377 0.938665 0.139445 22 24 25 0 0.001341 0.499330 0.499330 0.000000
-0.288843 0.198340 -0.211871 0.280876 0.554108 -0.516109 -0.292972 0.804860 0.848159 -0.043806 0.527928 -0.119410 0.955117 0.271095 22 24 25 0 0.001341 0.499330 0.499330 0.000000
0.245795 1.577282 -0.495368 0.037125 0.102136 0.377193 0.155690 -0.912955 0.005304 0.985390 0.170233 0.926120 -0.069053 0.370856 15 0 0 0 1.000000 0.000000 0.000000 0.000000
0.280175 1.595935 -0.474443 0.041189 0.109627 0.484818 0.256677 -0.836103 0.000845 0.955829 0.293922 0.874615 -0.143205 0.463186 15 0 0 0 1.000000 0.000000 0.000000 0.000000
0.244540 1.596724 -0.491658 0.041361 0.101862 0.372684 0.244396 -0.895197 0.006036 0.964036 0.265703 0.927939 -0.104426 0.357806 15 0 0 0 1.000000 0.000000 0.000000 0.000000
0.341211 1.577323 -0.430930 0.037134 0.122927 0.768673 0.264979 -0.582175 -0.073794 0.940817 0.330782 0.635371 -0.211302 0.742735 15 0 0 0 1.000000 0.000000 0.000000 0.000000
0.341211 1.577323 -0.430930 0.878664 0.245553 0.768673 0.264979 -0.582175 0.594865 0.038403 0.802908 0.235111 -0.963489 -0.128107 15 0 0 0 1.000000 0.000000 0.000000 0.000000
0.317783 1.576441 -0.454170 0.036942 0.117822 0.620833 0.195846 -0.759085 0.002584 0.967775 0.251802 0.783938 -0.158289 0.600321 15 0 0 0 1.000000 0.000000 0.000000 0.000000
0.331182 1.596761 -0.433145 0.041369 0.120742 0.731327 0.383599 -0.563927 -0.087885 0.872948 0.479830 0.676341 -0.301352 0.672123 15 0 0 0 1.000000 0.000000 0.000000 0.000000
0.331182 1.596761 -0.433145 0.878181 0.241318 0.731327 0.383599 -0.563927 0.592471 0.052261 0.803895 0.337845 -0.922020 -0.189051 15 0 0 0 1.000000 0.000000 0.000000 0.000000
0.309908 1.595961 -0.454248 0.041195 0.116106 0.602731 0.298308 -0.740086 0.002375 0.926816 0.375508 0.797941 -0.228088 0.557912 15 0 0 0 1.000000 0.000000 0.000000 0.000000
0.351172 1.581308 -0.390323 0.887512 0.244685 0.904035 0.427286 0.012133 -0.014063 0.001361 0.999900 0.427227 -0.904116 0.007240 15 0 0 0 1.000000 0.000000 0.000000 0.000000
0.352508 1.579012 -0.408969 0.883449 0.245185 0.897177 0.378372 -0.227832 0.245338 0.001999 0.969435 0.367263 -0.925651 -0.091036 15 0 0 0 1.000000 0.000000 0.000000 0.000000
0.340227 1.600380 -0.396272 0.886216 0.240529 0.825316 0.564576 -0.010409 0.011332 0.001872 0.999934 0.564558 -0.825379 -0.004853 15 0 0 0 1.000000 0.000000 0.000000 0.000000
-0.277652 0.186652 -0.202875 0.082263 0.023703 -0.652775 -0.115593 0.748681 -0.666480 0.557442 -0.495037 -0.360123 -0.822129 -0.440925 22 24 25 0 0.001229 0.499385 0.499385 0.000000
0.341440 1.598295 -0.413203 0.882527 0.240983 0.827475 0.512084 -0.230335 0.265698 0.004286 0.964047 0.494660 -0.858924 -0.132514 15 0 0 0 1.000000 0.000000 0.000000 0.000000
0.150168 1.619566 -0.504058 0.046339 0.081298 -0.057018 0.503098 -0.862346 -0.000078 0.863749 0.503922 0.998373 0.028800 -0.049210 15 0 0 0 1.000000 0.000000 0.000000 0.000000
0.129860 1.621815 -0.498559 0.046829 0.076873 -0.289390 0.637936 -0.713646 -0.001125 0.745320 0.666706 0.957211 0.193740 -0.214971 15 0 0 0 1.000000 0.000000 0.000000 0.000000
0.163169 1.634009 -0.495001 0.049486 0.084131 -0.034376 0.622501 -0.781864 -0.000006 0.782326 0.622869 0.999409 0.021417 -0.026889 15 0 0 0 1.000000 0.000000 0.000000 0.000000
0.146287 1.635879 -0.490429 0.049893 0.080453 -0.225453 0.744308 -0.628630 0.021128 0.648826 0.760643 0.974025 0.158208 -0.162005 15 0 0 0 1.000000 0.000000 0.000000 0.000000
0.146287 1.635879 -0.490429 0.706437 0.240227 -0.225453 0.744308 -0.628630 -0.042156 0.637186 0.769557 0.973342 0.199999 -0.112279 15 0 0 0 1.000000 0.000000 0.000000 0.000000
0.136743 1.637663 -0.481659 0.050282 0.078373 -0.322563 0.795576 -0.512846 0.019258 0.547210 0.836774 0.946352 0.260036 -0.191831 15 0 0 0 1.000000 0.000000 0.000000 0.000000
0.136743 1.637663 -0.481659 0.708348 0.238147 -0.322563 0.795576 -0.512846 -0.018651 0.536359 0.843784 0.946364 0.281739 -0.158171 15 0 0 0 1.000000 0.000000 0.000000 0.000000
0.118379 1.623961 -0.488009 0.047296 0.074371 -0.410019 0.697222 -0.588019 0.008786 0.647692 0.761852 0.912035 0.307207 -0.271691 15 0 0 0 1.000000 0.000000 0.000000 0.000000
0.209508 1.615617 -0.497801 0.045478 0.094229 0.251134 0.361133 -0.898062 -0.000012 0.927797 0.373086 0.967952 -0.093683 0.233005 15 0 0 0 1.000000 0.000000 0.000000 0.000000
0.177709 1.617434 -0.503700 0.045874 0.087300 0.118165 0.409977 -0.904409 0.000051 0.910788 0.412875 0.992994 -0.048834 0.107602 15 0 0 0 1.000000 0.000000 0.000000 0.000000
0.212500 1.630727 -0.489799 0.048771 0.094880 0.242883 0.479148 -0.843460 -0.000051 0.869503 0.493927 0.970056 -0.119923 0.211212 15 0 0 0 1.000000 0.000000 0.000000 0.000000
-0.248919 0.199770 -0.182114 0.077275 0.017191 -0.066973 0.130105 0.989236 -0.794304 0.593057 -0.131775 -0.603818 -0.794579 0.063624 21 22 24 25 0.000150 0.000926 0.499462 0.499462
-0.248919 0.199770 -0.182114 0.389224 0.072293 -0.066973 0.130105 0.989236 0.094198 0.987858 -0.123546 -0.993298 0.084910 -0.078415 21 22 24 25 0.000150 0.000926 0.499462 0.499462
0.186065 1.632237 -0.494703 0.049100 0.089120 0.120362 0.530324 -0.839208 0.000016 0.845352 0.534209 0.992730 -0.064312 0.101740 15 0 0 0 1.000000 0.000000 0.000000 0.000000
0.273733 1.613623 -0.471627 0.045044 0.108223 0.468589 0.360694 -0.806427 0.000720 0.912694 0.408643 0.883416 -0.192066 0.427419 15 0 0 0 1.000000 0.000000 0.000000 0.000000
0.242589 1.614314 -0.486672 0.045194 0.101437 0.363587 0.345090 -0.865284 0.006879 0.927835 0.372927 0.931535 -0.141544 0.334975 15 0 0 0 1.000000 0.000000 0.000000 0.000000
0.265891 1.629069 -0.468040 0.048409 0.106515 0.441635 0.480062 -0.757957 0.000377 0.844708 0.535227 0.897195 -0.236661 0.372872 15 0 0 0 1.000000 0.000000 0.000000 0.000000
0.240001 1.629643 -0.480547 0.048534 0.100873 0.347074 0.462363 -0.815941 0.008133 0.868507 0.495610 0.937803 -0.178649 0.297676 15 0 0 0 1.000000 0.000000 0.000000 0.000000
0.318312 1.614346 -0.435533 0.045201 0.117937 0.678242 0.504369 -0.534415 -0.092166 0.779900 0.619081 0.729036 -0.370632 0.575447 15 0 0 0 1.000000 0.000000 0.000000 0.000000
0.318312 1.614346 -0.435533 0.877661 0.237486 0.678242 0.504369 -0.534415 0.588459 0.062785 0.806086 0.440118 -0.861202 -0.254217 15 0 0 0 1.000000 0.000000 0.000000 0.000000
0.299719 1.613647 -0.453977 0.045049 0.113886 0.574133 0.409970 -0.708728 0.001637 0.865033 0.501712 0.818760 -0.289210 0.495973 15 0 0 0 1.000000 0.000000 0.000000 0.000000
0.302951 1.629670 -0.438035 0.048540 0.114590 0.606096 0.626027 -0.490650 -0.085707 0.664678 0.742198 0.790760 -0.407791 0.456514 15 0 0 0 1.000000 0.000000 0.000000 0.000000
0.302951 1.629670 -0.438035 0.877116 0.234147 0.606096 0.626027 -0.490650 0.584509 0.067802 0.808549 0.539441 -0.776848 -0.324824 15 0 0 0 1.000000 0.000000 0.000000 0.000000
0.287494 1.629089 -0.453367 0.048414 0.111222 0.530486 0.532695 -0.659410 0.000425 0.777719 0.628612 0.847694 -0.333750 0.412342 15 0 0 0 1.000000 0.000000 0.000000 0.000000
0.326217 1.617509 -0.403307 0.884683 0.236796 0.728131 0.684683 -0.032166 0.041953 0.002323 0.999117 0.684153 -0.728837 -0.027033 15 0 0 0 1.000000 0.000000 0.000000 0.000000
-0.228867 0.232693 -0.204759 0.082588 0.009537 0.306829 0.753132 0.581935 -0.819864 0.519692 -0.240299 -0.483404 -0.403377 0.776922 21 22 23 24 0.000696 0.003463 0.007090 0.988751
-0.228867 0.232693 -0.204759 0.396878 0.069244 0.306829 0.753132 0.581935 -0.037603 0.620543 -0.783271 -0.951022 0.218447 0.218721 21 22 23 24 0.000696 0.003463 0.007090 0.988751
-0.228867 0.232693 -0.204759 0.329484 0.065437 0.306829 0.753132 0.581935 -0.343581 0.657845 -0.670218 -0.887585 0.005700 0.460608 21 22 23 24 0.000696 0.003463 0.007090 0.988751
0.327277 1.615687 -0.418105 0.881458 0.237194 0.739121 0.634043 -0.227354 0.288722 0.006729 0.957389 0.608555 -0.773269 -0.178088 15 0 0 0 1.000000 0.000000 0.000000 0.000000
0.309522 1.632300 -0.411245 0.882953 0.233574 0.616104 0.785902 -0.052662 0.081575 0.002835 0.996663 0.783429 -0.618344 -0.062363 15 0 0 0 1.000000 0.000000 0.000000 0.000000
0.310403 1.630785 -0.423546 0.880273 0.233904 0.633667 0.742192 -0.218215 0.316991 0.008202 0.948393 0.705679 -0.670137 -0.230071 15 0 0 0 1.000000 0.000000 0.000000 0.000000
0.177492 1.645677 -0.484584 0.052028 0.087252 -0.009718 0.734812 -0.678201 0.000024 0.678233 0.734847 0.999953 0.007125 -0.006608 15 0 0 0 1.000000 0.000000 0.000000 0.000000
0.164454 1.647120 -0.481054 0.052343 0.084411 -0.158932 0.832907 -0.530100 0.021211 0.539681 0.841602 0.987062 0.122513 -0.103440 15 0 0 0 1.000000 0.000000 0.000000 0.000000
0.164454 1.647120 -0.481054 0.708480 0.244185 -0.158932 0.832907 -0.530100 -0.021445 0.533885 0.845285 0.987057 0.145711 -0.066989 15 0 0 0 1.000000 0.000000 0.000000 0.000000
0.192130 1.654161 -0.473584 0.053877 0.090442 0.017194 0.839644 -0.542864 -0.002028 0.542973 0.839748 0.999850 -0.013337 0.011038 15 0 0 0 1.000000 0.000000 0.000000 0.000000
0.192130 1.654161 -0.473584 0.710108 0.250216 0.017194 0.839644 -0.542864 0.001748 0.542918 0.839784 0.999851 -0.015388 0.007867 15 0 0 0 1.000000 0.000000 0.000000 0.000000
0.182174 1.655030 -0.471637 0.054066 0.088272 -0.087708 0.905974 -0.414147 0.016024 0.416979 0.908775 0.996017 0.073071 -0.051090 15 0 0 0 1.000000 0.000000 0.000000 0.000000
0.182174 1.655030 -0.471637 0.710532 0.248047 -0.087708 0.905974 -0.414147 -0.004999 0.415344 0.909651 0.996134 0.081854 -0.031900 15 0 0 0 1.000000 0.000000 0.000000 0.000000
0.177959 1.656121 -0.466430 0.711667 0.247128 -0.153070 0.936986 -0.314049 -0.000528 0.317716 0.948186 0.988215 0.145305 -0.048138 15 0 0 0 1.000000 0.000000 0.000000 0.000000
0.157082 1.648498 -0.474281 0.709956 0.242579 -0.236521 0.874010 -0.424458 0.005348 0.438017 0.898951 0.971612 0.210351 -0.108274 15 0 0 0 1.000000 0.000000 0.000000 0.000000
0.215591 1.643141 -0.480567 0.051476 0.095554 0.228096 0.606539 -0.761632 0.000218 0.782221 0.623001 0.973639 -0.142270 0.178289 15 0 0 0 1.000000 0.000000 0.000000 0.000000
-0.234056 0.247823 -0.246590 0.166850 0.083796 0.116048 0.972653 -0.201196 -0.696950 -0.064581 -0.714205 -0.707667 0.223106 0.670396 21 22 23 24 0.001678 0.008070 0.000473 0.989779
-0.234056 0.247823 -0.246590 0.338755 0.062391 0.116048 0.972653 -0.201196 -0.541466 -0.107866 -0.833774 -0.832675 0.205698 0.514141 21 22 23 24 0.001678 0.008070 0.000473 0.989779
0.195175 1.644308 -0.484355 0.051730 0.091105 0.119776 0.655505 -0.745632 -0.000096 0.751047 0.660249 0.992801 -0.079010 0.090020 15 0 0 0 1.000000 0.000000 0.000000 0.000000
0.218584 1.652401 -0.470795 0.053493 0.096206 0.201969 0.746432 -0.634072 0.000390 0.647353 0.762190 0.979392 -0.154187 0.130454 15 0 0 0 1.000000 0.000000 0.000000 0.000000
0.203968 1.653035 -0.473979 0.053631 0.093021 0.114500 0.787155 -0.606034 -0.009094 0.610851 0.791693 0.993382 -0.085138 0.077101 15 0 0 0 1.000000 0.000000 0.000000 0.000000
0.203968 1.653035 -0.473979 0.710022 0.252796 0.114500 0.787155 -0.606034 0.017872 0.608315 0.793494 0.993262 -0.101686 0.055584 15 0 0 0 1.000000 0.000000 0.000000 0.000000
0.256826 1.641861 -0.463762 0.051197 0.104539 0.400700 0.608144 -0.685274 -0.000093 0.747972 0.663731 0.916210 -0.265893 0.299768 15 0 0 0 1.000000 0.000000 0.000000 0.000000
0.236831 1.642304 -0.473422 0.051293 0.100182 0.320051 0.591716 -0.739892 0.008091 0.779235 0.626680 0.947366 -0.206556 0.244608 15 0 0 0 1.000000 0.000000 0.000000 0.000000
0.247216 1.651512 -0.459126 0.053300 0.102445 0.336764 0.747704 -0.572301 -0.021373 0.613717 0.789236 0.941346 -0.253555 0.222659 15 0 0 0 1.000000 0.000000 0.000000 0.000000
0.247216 1.651512 -0.459126 0.713258 0.262220 0.336764 0.747704 -0.572301 0.038725 0.596292 0.801833 0.940792 -0.292191 0.171855 15 0 0 0 1.000000 0.000000 0.000000 0.000000
0.233520 1.651613 -0.466222 0.053322 0.099461 0.274058 0.738618 -0.615902 0.008336 0.638573 0.769516 0.961677 -0.216027 0.168849 15 0 0 0 1.000000 0.000000 0.000000 0.000000
0.285448 1.642325 -0.440589 0.051298 0.110776 0.516981 0.738192 -0.433362 -0.089865 0.550274 0.830134 0.851267 -0.390220 0.350819 15 0 0 0 1.000000 0.000000 0.000000 0.000000
0.285448 1.642325 -0.440589 0.876559 0.231389 0.516981 0.738192 -0.433362 0.576233 0.074255 0.813905 0.632997 -0.670492 -0.386982 15 0 0 0 1.000000 0.000000 0.000000 0.000000
0.285448 1.642325 -0.440589 0.717297 0.270550 0.516981 0.738192 -0.433362 0.040340 0.484693 0.873753 0.855046 -0.469196 0.220799 15 0 0 0 1.000000 0.000000 0.000000 0.000000
0.273510 1.641876 -0.452431 0.051200 0.108175 0.469233 0.658705 -0.588156 -0.033245 0.678737 0.733628 0.882448 -0.324690 0.340385 15 0 0 0 1.000000 0.000000 0.000000 0.000000
0.273510 1.641876 -0.452431 0.714717 0.267949 0.469233 0.658705 -0.588156 0.066567 0.637753 0.767359 0.880562 -0.399222 0.255407 15 0 0 0 1.000000 0.000000 0.000000 0.000000
0.267090 1.651834 -0.443036 0.716764 0.266550 0.405986 0.840908 -0.357840 -0.006944 0.394389 0.918918 0.913853 -0.370583 0.165956 15 0 0 0 1.000000 0.000000 0.000000 0.000000
-0.248255 0.224480 -0.273762 0.173314 0.080700 -0.183834 0.730845 -0.657320 -0.669779 -0.582582 -0.460428 -0.719445 0.355617 0.596604 21 22 24 25 0.001226 0.005489 0.496642 0.496642
0.259542 1.651310 -0.451330 0.053256 0.105131 0.380278 0.789207 -0.482225 -0.063218 0.542357 0.837766 0.922709 -0.288099 0.256139 15 0 0 0 1.000000 0.000000 0.000000 0.000000
0.259542 1.651310 -0.451330 0.714957 0.264905 0.380278 0.789207 -0.482225 0.033078 0.509457 0.859860 0.924281 -0.342937 0.167630 15 0 0 0 1.000000 0.000000 0.000000 0.000000
0.290523 1.644356 -0.419899 0.881068 0.230947 0.496700 0.865613 -0.063277 0.115445 0.006367 0.993293 0.860210 -0.500674 -0.096768 15 0 0 0 1.000000 0.000000 0.000000 0.000000
0.290523 1.644356 -0.419899 0.721806 0.271656 0.496700 0.865613 -0.063277 -0.006542 0.076639 0.997038 0.867898 -0.494814 0.043730 15 0 0 0 1.000000 0.000000 0.000000 0.000000
0.291203 1.643186 -0.429399 0.878997 0.231201 0.518517 0.830643 -0.202911 0.383960 -0.014151 0.923241 0.764012 -0.556626 -0.326272 15 0 0 0 1.000000 0.000000 0.000000 0.000000
0.291203 1.643186 -0.429399 0.719736 0.271804 0.518517 0.830643 -0.202911 0.033570 0.217345 0.975517 0.854408 -0.512634 0.084812 15 0 0 0 1.000000 0.000000 0.000000 0.000000
0.270614 1.653244 -0.428669 0.719895 0.267318 0.365306 0.929122 -0.057302 0.001357 0.061025 0.998135 0.930886 -0.364703 0.021032 15 0 0 0 1.000000 0.000000 0.000000 0.000000
0.272094 1.652239 -0.434991 0.718517 0.267640 0.390248 0.902766 -0.180885 -0.012183 0.201509 0.979411 0.920629 -0.380010 0.089637 15 0 0 0 1.000000 0.000000 0.000000 0.000000
0.181833 1.385366 -0.443352 0.426511 0.098358 -0.200635 -0.979581 -0.012929 0.004031 0.012372 -0.999915 0.979658 -0.200670 0.001466 15 0 0 0 1.000000 0.000000 0.000000 0.000000
0.181229 1.385435 -0.448136 0.427553 0.098226 -0.180448 -0.979694 -0.087396 -0.002638 0.089336 -0.995998 0.983581 -0.179495 -0.018704 15 0 0 0 1.000000 0.000000 0.000000 0.000000
0.208294 1.381655 -0.432339 0.424111 0.104123 -0.016316 -0.999216 -0.036079 -0.000226 0.036088 -0.999349 0.999867 -0.016298 -0.000815 15 0 0 0 1.000000 0.000000 0.000000 0.000000
0.189979 1.384240 -0.447465 0.427407 0.100133 -0.106807 -0.982010 -0.155718 0.001307 0.156476 -0.987681 0.994279 -0.105695 -0.015429 15 0 0 0 1.000000 0.000000 0.000000 0.000000
0.195344 1.384143 -0.449653 0.427884 0.101302 -0.038602 -0.967034 -0.251706 -0.000984 0.251930 -0.967745 0.999254 -0.037109 -0.010677 15 0 0 0 1.000000 0.000000 0.000000 0.000000
-0.274941 0.170090 -0.256045 0.276603 0.543976 -0.462465 -0.693308 -0.552676 0.181838 -0.684254 0.706209 -0.867791 0.226099 0.442513 22 24 25 0 0.003642 0.498179 0.498179 0.000000
0.205185 1.383228 -0.445861 0.427058 0.103446 0.016714 -0.970195 -0.241748 -0.000011 0.241782 -0.970331 0.999860 0.016221 0.004031 15 0 0 0 1.000000 0.000000 0.000000 0.000000
0.214482 1.383222 -0.444630 0.426789 0.105472 0.082419 -0.957884 -0.275074 -0.002452 0.275817 -0.961207 0.996595 0.079896 0.020384 15 0 0 0 1.000000 0.000000 0.000000 0.000000
0.221643 1.382717 -0.439154 0.425596 0.107032 0.102833 -0.974510 -0.199386 -0.000244 0.200424 -0.979709 0.994699 0.100795 0.020372 15 0 0 0 1.000000 0.000000 0.000000 0.000000
0.231334 1.383025 -0.434986 0.424688 0.109144 0.146624 -0.976140 -0.160159 0.003902 0.162479 -0.986704 0.989185 0.144050 0.027632 15 0 0 0 1.000000 0.000000 0.000000 0.000000
0.233067 1.382902 -0.429905 0.423581 0.109522 0.125771 -0.991250 -0.040056 -0.000336 0.040334 -0.999186 0.992059 0.125682 0.004740 15 0 0 0 1.000000 0.000000 0.000000 0.000000
0.239463 1.383627 -0.424404 0.422382 0.110915 0.128002 -0.989559 0.066244 0.000569 -0.066720 -0.997772 0.991774 0.127754 -0.007978 15 0 0 0 1.000000 0.000000 0.000000 0.000000
0.235093 1.383713 -0.421647 0.421781 0.109963 0.090596 -0.987059 0.132315 0.000237 -0.132840 -0.991137 0.995888 0.089825 -0.011801 15 0 0 0 1.000000 0.000000 0.000000 0.000000
0.206076 1.659058 -0.462775 0.712463 0.253255 0.044709 0.927610 -0.370865 0.000492 0.371215 0.928547 0.999000 -0.041697 0.016140 15 0 0 0 1.000000 0.000000 0.000000 0.000000
0.197259 1.659099 -0.463382 0.712331 0.251334 -0.026480 0.950681 -0.309038 0.000363 0.309156 0.951011 0.999649 0.025070 -0.008532 15 0 0 0 1.000000 0.000000 0.000000 0.000000
0.224729 1.662242 -0.447970 0.715689 0.257320 0.136549 0.955347 -0.262044 -0.001867 0.264770 0.964310 0.990632 -0.131186 0.037938 15 0 0 0 1.000000 0.000000 0.000000 0.000000
-0.279532 0.167903 -0.243468 0.278674 0.546038 -0.524481 -0.704629 -0.477930 0.206642 -0.649895 0.731393 -0.825966 0.284842 0.486463 22 24 25 0 0.003217 0.498391 0.498391 0.000000
0.197930 1.660184 -0.458663 0.713359 0.251480 -0.045571 0.969534 -0.240679 -0.000908 0.240889 0.970552 0.998961 0.044448 -0.010098 15 0 0 0 1.000000 0.000000 0.000000 0.000000
0.221282 1.658046 -0.461172 0.054723 0.096794 0.158601 0.882365 -0.443032 -0.020343 0.451537 0.892020 0.987133 -0.132463 0.089564 15 0 0 0 1.000000 0.000000 0.000000 0.000000
0.221282 1.658046 -0.461172 0.712812 0.256569 0.158601 0.882365 -0.443032 0.020550 0.445665 0.894964 0.987129 -0.151047 0.052550 15 0 0 0 1.000000 0.000000 0.000000 0.000000
0.211374 1.657807 -0.464899 0.054671 0.094635 0.105716 0.885096 -0.453243 -0.012011 0.456901 0.889437 0.994324 -0.088584 0.058933 15 0 0 0 1.000000 0.000000 0.000000 0.000000
0.211374 1.657807 -0.464899 0.712000 0.254409 0.105716 0.885096 -0.453243 0.006715 0.455152 0.890389 0.994374 -0.097172 0.042173 15 0 0 0 1.000000 0.000000 0.000000 0.000000
0.237741 1.657535 -0.454464 0.054612 0.100380 0.241418 0.882535 -0.403547 -0.031945 0.422849 0.905637 0.969895 -0.205746 0.130276 15 0 0 0 1.000000 0.000000 0.000000 0.000000
0.237741 1.657535 -0.454464 0.714274 0.260155 0.241418 0.882535 -0.403547 0.016604 0.412030 0.911019 0.970279 -0.226637 0.084818 15 0 0 0 1.000000 0.000000 0.000000 0.000000
0.230512 1.656886 -0.459876 0.054471 0.098805 0.217849 0.855827 -0.469150 -0.020900 0.484676 0.874444 0.975759 -0.180691 0.123473 15 0 0 0 1.000000 0.000000 0.000000 0.000000
0.230512 1.656886 -0.459876 0.713095 0.258580 0.217849 0.855827 -0.469150 0.032843 0.473995 0.879915 0.975430 -0.207097 0.075152 15 0 0 0 1.000000 0.000000 0.000000 0.000000
0.249164 1.657720 -0.445215 0.716289 0.262644 0.271273 0.926556 -0.260586 0.000585 0.270579 0.962698 0.962502 -0.261307 0.072859 15 0 0 0 1.000000 0.000000 0.000000 0.000000
0.247364 1.656689 -0.450232 0.715196 0.262252 0.284553 0.885447 -0.367442 -0.007116 0.385228 0.922794 0.958634 -0.259969 0.115919 15 0 0 0 1.000000 0.000000 0.000000 0.000000
0.251190 1.658531 -0.436957 0.718089 0.263085 0.244084 0.964896 -0.096947 -0.000505 0.100097 0.994978 0.969754 -0.242809 0.024919 15 0 0 0 1.000000 0.000000 0.000000 0.000000
0.255492 1.657291 -0.439650 0.717502 0.264023 0.277591 0.947383 -0.159401 -0.001243 0.166275 0.986079 0.960699 -0.273528 0.047334 15 0 0 0 1.000000 0.000000 0.000000 0.000000
-0.137957 -0.000867 -0.295932 0.921733 0.512554 -0.000034 -0.999958 0.009186 0.999987 0.000013 0.005154 -0.005154 0.009186 0.999945 6 7 8 9 0.002128 0.006786 0.441191 0.549894
-0.271071 0.170403 -0.201048 0.079917 0.025659 -0.452775 -0.272100 0.849092 -0.783511 0.575944 -0.233237 -0.425566 -0.770876 -0.473966 21 22 24 25 0.000043 0.001507 0.499225 0.499225
-0.305596 0.173297 -0.172393 0.861772 0.256616 -0.406822 0.651280 -0.640570 -0.672728 -0.687984 -0.272241 -0.618007 0.320176 0.718022 22 24 25 0 0.000740 0.499630 0.499630 0.000000
-0.145829 0.206184 -0.324428 0.442726 0.189969 0.094630 0.916000 0.389858 0.993261 -0.113197 0.024872 0.066913 0.384877 -0.920539 6 7 8 9 0.040296 0.040296 0.054779 0.864629
-0.163994 -0.001793 -0.399948 0.916058 0.489551 -0.012045 -0.999905 -0.006639 0.999409 -0.012252 0.032109 -0.032187 -0.006248 0.999462 5 6 7 10 0.023738 0.001189 0.034853 0.940220
-0.161822 0.217192 -0.384414 0.439261 0.202525 -0.037987 0.988585 -0.145795 0.999111 0.040246 0.012579 0.018303 -0.145188 -0.989235 6 7 8 9 0.009161 0.009161 0.013942 0.967736
-0.107524 0.002228 -0.173232 0.928363 0.539426 0.022516 -0.998244 0.054798 0.999727 0.022138 -0.007496 0.006270 0.054952 0.998469 6 7 8 9 0.001409 0.050700 0.833697 0.114193
-0.107024 0.150928 -0.162065 0.451083 0.158496 -0.091331 0.890842 -0.445038 0.995471 0.093512 -0.017106 0.026377 -0.444585 -0.895348 6 7 8 9 0.055736 0.548625 0.272125 0.123514
-0.107024 0.150928 -0.162065 0.003146 0.018801 -0.091331 0.890842 -0.445038 0.046566 0.450237 0.891694 0.994731 0.060716 -0.082603 6 7 8 9 0.055736 0.548625 0.272125 0.123514
-0.092436 0.005840 -0.117187 0.931656 0.552775 0.005173 -0.998269 -0.058592 0.999889 0.005982 -0.013651 0.013978 -0.058515 0.998189 6 7 8 9 0.001050 0.371261 0.615995 0.011695
-0.128122 0.140326 -0.253356 0.446587 0.174405 0.080980 0.947713 0.308679 0.995389 -0.092872 0.024003 0.051416 0.305312 -0.950863 6 7 8 9 0.023100 0.039320 0.238904 0.698675
-0.123926 -0.000223 -0.239079 0.924792 0.524954 0.009048 -0.999599 0.026835 0.999959 0.009023 -0.001066 0.000823 0.026844 0.999639 6 7 8 9 0.000690 0.004775 0.496600 0.497935
-0.184927 0.142621 -0.477475 0.434231 0.222757 -0.202133 0.322402 -0.924770 0.949454 0.296069 -0.104310 0.240166 -0.899111 -0.365951 5 6 7 10 0.003515 0.000180 0.003651 0.992655
-0.184927 0.142621 -0.477475 0.688165 0.514539 -0.202133 0.322402 -0.924770 0.161516 0.942306 0.293212 0.965948 -0.090097 -0.242544 5 6 7 10 0.003515 0.000180 0.003651 0.992655
-0.184927 0.142621 -0.477475 0.667282 0.089364 -0.202133 0.322402 -0.924770 0.978431 0.107564 -0.176362 0.042612 -0.940472 -0.337190 5 6 7 10 0.003515 0.000180 0.003651 0.992655
-0.174760 0.186734 -0.445531 0.436446 0.215742 -0.145444 0.730745 -0.666976 0.978347 0.206564 0.012971 0.147252 -0.650648 -0.744966 6 7 8 9 0.002831 0.002831 0.006946 0.987391
-0.211639 0.180914 -0.181841 0.072349 0.015785 0.219839 -0.167900 0.960979 -0.784968 0.554441 0.276444 -0.579221 -0.815110 -0.009909 21 22 24 25 0.000409 0.001856 0.498868 0.498868
-0.211639 0.180914 -0.181841 0.390630 0.064615 0.219839 -0.167900 0.960979 0.426440 0.902515 0.060131 -0.877394 0.396581 0.270007 21 22 24 25 0.000409 0.001856 0.498868 0.498868
-0.115783 0.075739 -0.042914 0.843861 0.295165 -0.536984 -0.020093 0.843353 0.841880 -0.076430 0.534225 0.053723 0.996873 0.057957 6 7 8 9 0.002954 0.562210 0.431480 0.003355
-0.115783 0.075739 -0.042914 0.675421 0.420763 -0.536984 -0.020093 0.843353 0.250274 0.950912 0.182012 -0.805612 0.308807 -0.505596 6 7 8 9 0.002954 0.562210 0.431480 0.003355
-0.114480 0.060821 -0.043997 0.844151 0.291699 -0.558741 0.041482 0.828304 0.825079 -0.073329 0.560238 0.083979 0.996445 0.006746 6 7 8 9 0.001670 0.500277 0.495413 0.002641
-0.114480 0.060821 -0.043997 0.671955 0.420284 -0.558741 0.041482 0.828304 0.122029 0.991990 0.032636 -0.820316 0.119312 -0.559327 6 7 8 9 0.001670 0.500277 0.495413 0.002641
-0.077049 0.072216 -0.043313 0.852303 0.294351 0.280849 0.048503 0.958525 0.957480 0.054520 -0.283302 -0.066000 0.997334 -0.031129 6 7 8 9 0.001592 0.543225 0.453511 0.001672
-0.076357 0.051897 -0.035453 0.852468 0.290087 0.256074 0.065052 0.964466 0.965204 0.037474 -0.258797 -0.052977 0.997178 -0.053193 6 7 8 9 0.001468 0.498465 0.498093 0.001974
-0.216982 0.208447 -0.372051 0.427240 0.199862 -0.251363 0.966662 -0.048793 0.967764 0.251834 0.003650 0.015816 -0.046302 -0.998802 6 7 8 9 0.011622 0.011622 0.020320 0.956437
-0.233514 0.201874 -0.367889 0.423636 0.198983 -0.599336 0.797755 0.066202 0.800010 0.599804 0.014775 -0.027922 0.061817 -0.997697 6 7 8 9 0.013801 0.013801 0.026395 0.946003
-0.251467 0.185550 -0.366230 0.419724 0.198615 -0.919278 0.356517 0.166806 0.370861 0.926508 0.063597 -0.131874 0.120325 -0.983937 6 7 8 9 0.014225 0.014227 0.033067 0.938481
-0.251467 0.185550 -0.366230 0.697365 0.490397 -0.919278 0.356517 0.166806 0.354757 0.934048 -0.041265 -0.170517 0.021241 -0.985126 6 7 8 9 0.014225 0.014227 0.033067 0.938481
-0.108197 0.208039 -0.408540 0.450942 0.207846 0.187978 0.959125 -0.211524 0.982145 -0.185206 0.033027 -0.007499 -0.213956 -0.976815 6 7 8 9 0.013340 0.013340 0.022987 0.950332
-0.091729 0.200834 -0.411238 0.454532 0.208725 0.535604 0.803065 -0.261178 0.842635 -0.528611 0.102649 -0.055628 -0.275057 -0.959817 5 6 7 10 0.017209 0.017150 0.001949 0.963692
-0.074827 0.184451 -0.411371 0.458214 0.209093 0.888186 0.398353 -0.228999 0.432409 -0.893197 0.123375 -0.155394 -0.208602 -0.965577 5 6 8 9 0.031925 0.019194 0.042485 0.906397
-0.074827 0.184451 -0.411371 0.870008 0.341610 0.888186 0.398353 -0.228999 -0.402834 0.914816 0.028943 0.221021 0.066542 0.972996 5 6 8 9 0.031925 0.019194 0.042485 0.906397
-0.191230 0.215622 -0.213504 0.398653 0.060279 0.656302 0.566281 0.498592 -0.116400 0.728907 -0.674645 -0.745466 0.384734 0.544298 21 22 23 24 0.001464 0.006741 0.045139 0.946656
-0.191230 0.215622 -0.213504 0.326288 0.056471 0.656302 0.566281 0.498592 -0.108934 0.725021 -0.680058 -0.746593 0.392009 0.537520 21 22 23 24 0.001464 0.006741 0.045139 0.946656
-0.048333 0.081638 -0.067117 0.858538 0.295516 0.869923 0.132714 0.474995 0.468005 0.081683 -0.879943 -0.155579 0.987783 0.008947 10 6 7 8 0.000193 0.002575 0.626821 0.370411
-0.048333 0.081638 -0.067117 0.848555 0.416017 0.869923 0.132714 0.474995 -0.294981 0.911864 0.285464 -0.395247 -0.388447 0.832400 10 6 7 8 0.000193 0.002575 0.626821 0.370411
-0.040253 0.062078 -0.066523 0.860311 0.291166 0.879772 0.183790 0.438431 0.440154 0.033553 -0.897295 -0.179624 0.982393 -0.051376 6 7 8 9 0.001711 0.503425 0.492296 0.002568
-0.040253 0.062078 -0.066523 0.844205 0.417195 0.879772 0.183790 0.438431 -0.276580 0.947979 0.157604 -0.386658 -0.259917 0.884839 6 7 8 9 0.001711 0.503425 0.492296 0.002568
-0.217350 0.198072 -0.303935 0.427133 0.185707 -0.510994 0.714244 0.478268 0.838457 0.536758 0.094236 -0.189407 0.449161 -0.873143 6 7 8 9 0.054062 0.054164 0.089573 0.802202
-0.217350 0.198072 -0.303935 0.699602 0.477489 -0.510994 0.714244 0.478268 0.796798 0.602321 -0.048184 -0.322487 0.356461 -0.876891 6 7 8 9 0.054062 0.054164 0.089573 0.802202
-0.200852 0.206876 -0.309455 0.430728 0.186927 -0.106075 0.895920 0.431364 0.992632 0.120955 -0.007124 -0.058558 0.427430 -0.902150 6 7 8 9 0.054351 0.054357 0.075603 0.815690
-0.229841 0.179264 -0.300537 0.424417 0.184779 -0.829062 0.322539 0.456755 0.440328 0.880058 0.177790 -0.344627 0.348521 -0.871645 6 7 8 9 0.043558 0.044484 0.103310 0.808648
-0.229841 0.179264 -0.300537 0.695614 0.476561 -0.829062 0.322539 0.456755 0.359245 0.933218 -0.006923 -0.428485 0.158347 -0.889566 6 7 8 9 0.043558 0.044484 0.103310 0.808648
-0.196839 0.112097 -0.233107 0.681107 0.461602 -0.850326 0.224084 0.476164 0.285585 0.956481 0.059870 -0.442026 0.186895 -0.877316 6 7 8 9 0.018390 0.037612 0.358972 0.585026
-0.191829 0.131697 -0.235436 0.432700 0.170624 -0.642845 0.543551 0.539724 0.746934 0.601023 0.284361 -0.169822 0.585938 -0.792362 6 7 8 9 0.030938 0.053780 0.314824 0.600458
-0.191829 0.131697 -0.235436 0.685171 0.462406 -0.642845 0.543551 0.539724 0.620901 0.782393 -0.048409 -0.448589 0.303996 -0.840449 6 7 8 9 0.030938 0.053780 0.314824 0.600458
-0.175277 0.141110 -0.240347 0.436304 0.171798 -0.199038 0.877948 0.435421 0.979700 0.189093 0.066564 -0.023895 0.439831 -0.897762 6 7 8 9 0.034214 0.056239 0.277668 0.631878
-0.080513 0.199310 -0.337611 0.456939 0.193251 0.624722 0.747401 0.226085 0.766735 -0.641954 0.003541 0.147782 0.171135 -0.974101 6 7 8 9 0.063365 0.063545 0.097050 0.776041
-0.062684 0.181179 -0.336442 0.460823 0.192955 0.918825 0.384035 0.090985 0.389655 -0.919342 -0.054573 0.062688 0.085595 -0.994356 6 7 8 9 0.060170 0.061736 0.131583 0.746512
-0.062684 0.181179 -0.336442 0.868396 0.357747 0.918825 0.384035 0.090985 -0.382198 0.923318 -0.037517 -0.098416 -0.000303 0.995145 6 7 8 9 0.060170 0.061736 0.131583 0.746512
-0.198179 0.229132 -0.258794 0.165899 0.074655 0.482925 0.767546 -0.421494 -0.530075 -0.126892 -0.838403 -0.696997 0.628309 0.345577 21 22 23 24 0.002731 0.012217 0.001980 0.983071
-0.198179 0.229132 -0.258794 0.336153 0.053250 0.482925 0.767546 -0.421494 -0.713185 0.065467 -0.697912 -0.508085 0.637642 0.579018 21 22 23 24 0.002731 0.012217 0.001980 0.983071
-0.097760 0.207696 -0.334963 0.453184 0.192620 0.289707 0.896963 0.333957 0.950356 -0.310976 0.010805 0.113544 0.314248 -0.942526 6 7 8 9 0.060297 0.060297 0.078685 0.800720
-0.064039 0.112793 -0.266458 0.460551 0.177155 0.958226 0.270572 0.092697 0.278215 -0.956949 -0.082734 0.066320 0.105067 -0.992251 6 7 8 9 0.020137 0.040639 0.370372 0.568851
-0.064039 0.112793 -0.266458 0.853889 0.373548 0.958226 0.270572 0.092697 -0.273829 0.961474 0.024183 -0.082582 -0.048556 0.995401 6 7 8 9 0.020137 0.040639 0.370372 0.568851
-0.070098 0.132767 -0.265687 0.459217 0.177347 0.764736 0.603944 0.224567 0.628254 -0.776287 -0.051719 0.143093 0.180637 -0.973085 6 7 8 9 0.034804 0.059577 0.317683 0.587936
-0.070098 0.132767 -0.265687 0.857953 0.373356 0.764736 0.603944 0.224567 -0.632785 0.769647 0.085007 -0.121497 -0.207111 0.970744 6 7 8 9 0.034804 0.059577 0.317683 0.587936
-0.087204 0.141755 -0.262361 0.455490 0.176662 0.353583 0.885559 0.301272 0.930129 -0.367009 -0.012843 0.099196 0.284763 -0.953452 6 7 8 9 0.035629 0.058282 0.278550 0.627539
-0.161051 0.119879 -0.149332 0.439376 0.153268 -0.916794 0.341583 0.206905 0.392662 0.865496 0.311020 -0.072836 0.366385 -0.927608 6 7 8 9 0.033217 0.341188 0.467950 0.157645
-0.161051 0.119879 -0.149332 0.681596 0.445050 -0.916794 0.341583 0.206905 0.387553 0.886023 0.254492 -0.096393 0.313503 -0.944682 6 7 8 9 0.033217 0.341188 0.467950 0.157645
-0.144937 0.147772 -0.154452 0.442838 0.156406 -0.548416 0.803046 -0.233146 0.810727 0.578923 0.087006 0.204844 -0.141302 -0.968542 6 7 8 9 0.064806 0.486765 0.299810 0.148619
-0.144937 0.147772 -0.154452 0.686538 0.448188 -0.548416 0.803046 -0.233146 0.607993 0.574353 0.548146 0.574095 0.158861 -0.803230 6 7 8 9 0.064806 0.486765 0.299810 0.148619
-0.144937 0.147772 -0.154452 0.003146 0.010556 -0.548416 0.803046 -0.233146 0.263657 0.430653 0.863147 0.793552 0.411893 -0.447906 6 7 8 9 0.064806 0.486765 0.299810 0.148619
-0.167634 0.100780 -0.152388 0.677985 0.444692 -0.906836 0.178460 0.381838 0.243978 0.960989 0.130289 -0.343691 0.211311 -0.915000 6 7 8 9 0.020169 0.224680 0.583495 0.171656
-0.137454 0.098056 -0.088781 0.839086 0.297864 -0.894822 -0.008343 0.446346 0.437727 -0.212786 0.873566 0.087689 0.977063 0.194058 6 7 8 9 0.004809 0.724878 0.260658 0.009655
-0.137454 0.098056 -0.088781 0.678120 0.432176 -0.894822 -0.008343 0.446346 0.173413 0.914814 0.364751 -0.411367 0.403789 -0.817149 6 7 8 9 0.004809 0.724878 0.260658 0.009655
-0.144005 0.081224 -0.092989 0.837675 0.294239 -0.874877 0.100582 0.473787 0.458962 -0.140360 0.877299 0.154741 0.984978 0.076634 6 7 8 9 0.004301 0.544379 0.438479 0.012841
-0.144005 0.081224 -0.092989 0.674496 0.431818 -0.874877 0.100582 0.473787 0.230170 0.947025 0.223977 -0.426160 0.305004 -0.851681 6 7 8 9 0.004301 0.544379 0.438479 0.012841
-0.058883 0.124073 -0.173243 0.461616 0.158906 0.870318 0.440154 -0.220933 0.442883 -0.895695 -0.039809 -0.215411 -0.063201 -0.974476 6 7 8 9 0.035893 0.384390 0.438468 0.141248
-0.058883 0.124073 -0.173243 0.854378 0.391796 0.870318 0.440154 -0.220933 -0.360135 0.874785 0.324119 0.335931 -0.202521 0.919856 6 7 8 9 0.035893 0.384390 0.438468 0.141248
-0.226196 0.216164 -0.279824 0.172123 0.075602 0.077510 0.665291 -0.742550 -0.679054 -0.510098 -0.527906 -0.729985 0.545150 0.412231 21 22 24 25 0.001516 0.006575 0.495955 0.495955
-0.052557 0.103553 -0.180561 0.850767 0.391438 0.973821 0.211643 -0.082945 -0.199518 0.970653 0.134260 0.108926 -0.114197 0.987469 6 7 8 9 0.021046 0.244999 0.574929 0.159026
-0.075226 0.145285 -0.169544 0.458019 0.159634 0.347033 0.831331 -0.434117 0.913874 -0.403753 -0.042631 -0.210716 -0.381934 -0.899847 6 7 8 9 0.055536 0.500973 0.309999 0.133493
-0.075226 0.145285 -0.169544 0.858167 0.391068 0.347033 0.831331 -0.434117 -0.626119 0.549990 0.552707 0.698243 0.080001 0.711377 6 7 8 9 0.055536 0.500973 0.309999 0.133493
-0.075226 0.145285 -0.169544 0.001992 0.025737 0.347033 0.831331 -0.434117 -0.123486 0.499357 0.857551 0.929688 -0.243992 0.275951 6 7 8 9 0.055536 0.500973 0.309999 0.133493
-0.051651 0.103565 -0.108329 0.850903 0.405575 0.986636 0.162904 0.003488 -0.153358 0.921157 0.357703 0.055058 -0.353457 0.933829 6 7 8 9 0.003784 0.785778 0.203965 0.006474
-0.045276 0.086016 -0.116442 0.847278 0.405218 0.973639 0.227984 -0.007101 -0.219724 0.945811 0.239088 0.061225 -0.231225 0.970972 6 7 8 9 0.003642 0.592185 0.394625 0.009548
-0.174106 -0.001660 -0.442351 0.913853 0.480154 -0.080370 -0.866519 -0.492630 0.993426 -0.110056 0.031513 -0.081523 -0.486859 0.869668 5 6 7 10 0.026633 0.000706 0.027383 0.945277
-0.176225 0.006429 -0.448958 0.913392 0.478748 -0.191832 -0.655354 -0.730556 0.948890 -0.313935 0.032456 -0.250617 -0.686991 0.682081 5 6 7 10 0.023757 0.000522 0.023268 0.952453
-0.176225 0.006429 -0.448958 0.658243 0.508699 -0.191832 -0.655354 -0.730556 -0.750445 0.577665 -0.321147 0.632482 0.486635 -0.602621 5 6 7 10 0.023757 0.000522 0.023268 0.952453
-0.176225 0.006429 -0.448958 0.669174 0.119286 -0.191832 -0.655354 -0.730556 0.980201 -0.165147 -0.109237 -0.049060 -0.737047 0.674059 5 6 7 10 0.023757 0.000522 0.023268 0.952453
-0.114566 0.010037 -0.052691 0.844151 0.280290 -0.584166 -0.418793 0.695243 0.807161 -0.209954 0.551734 -0.085094 0.883477 0.460682 6 7 8 9 0.001555 0.494937 0.498436 0.005072
-0.114566 0.010037 -0.052691 0.660547 0.420284 -0.584166 -0.418793 0.695243 -0.422357 0.888331 0.180226 -0.693083 -0.188359 -0.695813 6 7 8 9 0.001555 0.494937 0.498436 0.005072
-0.112709 0.003794 -0.057386 0.844556 0.278753 -0.447815 -0.808141 0.382583 0.853107 -0.258066 0.453444 -0.267715 0.529443 0.804996 6 7 8 9 0.001602 0.493960 0.498567 0.005871
-0.112709 0.003794 -0.057386 0.927278 0.566367 -0.447815 -0.808141 0.382583 0.881701 -0.470211 0.038792 0.148545 0.354695 0.923107 6 7 8 9 0.001602 0.493960 0.498567 0.005871
-0.112709 0.003794 -0.057386 0.659010 0.421080 -0.447815 -0.808141 0.382583 -0.741477 0.574768 0.346199 -0.499674 -0.128643 -0.856608 6 7 8 9 0.001602 0.493960 0.498567 0.005871
-0.109116 0.002912 -0.064531 0.928057 0.564836 -0.222021 -0.974173 0.041145 0.974161 -0.223416 -0.033106 0.041444 0.032732 0.998605 6 7 8 9 0.001434 0.492494 0.499934 0.006138
-0.076444 0.000661 -0.044205 0.852468 0.278586 0.216602 -0.435985 0.873499 0.974127 0.037408 -0.222883 0.064498 0.899176 0.432807 6 7 8 9 0.001980 0.496393 0.496393 0.005233
-0.256465 0.163088 -0.257302 0.278563 0.540220 -0.804832 -0.410212 -0.428919 0.060361 -0.775519 0.628432 -0.590425 0.479892 0.648924 22 24 25 0 0.004486 0.497757 0.497757 0.000000
