VertexCount: 50
TriangleCount: 50
Vertices
-66.755966 -22.495310 28.956905 0.022567 0.993749 -0.615548 0.469688 -0.632846 0.743572 0.080030 -0.663850 -0.261156 -0.879198 -0.398509
-66.755966 -22.495310 28.956905 0.000000 1.000000 -0.886589 0.427286 -0.177164 0.146757 0.623061 0.768283 0.438660 0.655151 -0.615106
14.529102 -1.795894 -8.785894 0.521536 0.824398 -0.199581 0.808779 -0.553213 0.896334 -0.077430 -0.436567 -0.395921 -0.582993 -0.709482
-70.604034 -4.220887 45.676815 1.000000 1.000000 -0.886589 0.427286 -0.177164 0.032139 0.438988 0.897918 0.461440 0.790390 -0.402935
-70.604034 -4.220887 45.676815 0.000000 1.000000 -0.614533 0.747595 -0.251896 0.052407 0.357285 0.932524 0.787149 0.559865 -0.258743
-70.604034 -4.220887 45.676815 0.025053 0.823942 -0.614533 0.747595 -0.251896 0.627807 0.270096 -0.730004 -0.477711 -0.606754 -0.635328
87.330154 -9.498047 16.686066 0.974038 0.503473 0.639181 0.667348 -0.382223 0.600909 -0.743550 -0.293329 -0.479955 -0.042191 -0.876278
41.305561 4.035964 40.953804 0.526240 0.503063 -0.012960 0.998662 -0.050056 0.899436 -0.010228 -0.436932 -0.436860 -0.050685 -0.898101
-53.407215 1.610959 98.152016 1.000000 1.000000 -0.369008 0.921831 0.118577 0.396023 0.040528 0.917346 0.840832 0.385467 -0.380022
-53.407215 1.610959 98.152016 0.000000 1.000000 -0.369008 0.921831 0.118577 0.449112 0.065156 0.891097 0.813715 0.382076 -0.438048
-53.407215 1.610959 98.152016 0.029758 0.502607 -0.369008 0.921831 0.118577 0.712661 0.362530 -0.600572 -0.596613 -0.137111 -0.790729
-38.828884 -19.018543 3.787656 0.269940 0.993976 -0.486202 0.478070 -0.731476 0.842557 0.034477 -0.537503 -0.231745 -0.877645 -0.419564
-32.502323 -0.744140 11.782921 0.272426 0.824169 -0.317226 0.830294 -0.458235 0.842763 0.025240 -0.537693 -0.434877 -0.556754 -0.707748
-17.884668 2.501294 38.936504 0.274994 0.648748 -0.073719 0.993921 -0.081766 0.858678 0.021563 -0.512062 -0.507187 -0.107959 -0.855048
-5.725835 5.087718 61.522621 0.277130 0.502834 -0.042421 0.998509 -0.034359 0.862986 0.019291 -0.504859 -0.503444 -0.051068 -0.862518
10.893877 5.087719 92.395241 0.280050 0.303386 -0.023113 0.997930 0.060014 0.860973 0.050380 -0.506149 -0.508125 0.039972 -0.860356
51.490856 -27.349583 -41.048889 0.966847 0.994615 -0.047228 0.609972 -0.791014 0.960317 -0.190196 -0.204002 -0.274883 -0.769259 -0.576784
43.307621 -28.436214 -35.679367 0.747927 0.994415 -0.190064 0.547634 -0.814845 0.842520 -0.335110 -0.421737 -0.504020 -0.766680 -0.397700
49.634186 -10.161809 -27.684088 0.750413 0.824608 0.035200 0.743296 -0.668036 0.772459 -0.444355 -0.453713 -0.634088 -0.500060 -0.589807
64.251816 1.449538 -0.530512 0.752981 0.649186 0.292502 0.887703 -0.355563 0.801029 -0.430537 -0.415922 -0.522298 -0.163159 -0.837009
76.410637 4.035964 22.055609 0.755118 0.503273 0.337026 0.912072 -0.233533 0.811850 -0.407145 -0.418488 -0.476773 -0.048552 -0.877685
93.030380 4.035964 52.928223 0.758038 0.303825 0.358567 0.913329 -0.193028 0.810316 -0.407188 -0.421410 -0.463485 -0.005310 -0.886089
-11.698673 -16.815279 177.108109 0.037037 0.005385 -0.141030 0.931581 0.335065 0.732047 0.325980 -0.598201 -0.666497 0.160919 -0.727933
-11.698673 -16.815279 177.108109 1.000000 1.000000 -0.141030 0.931581 0.335065 0.407152 -0.253923 0.877354 0.902407 0.260155 -0.343484
35.707092 5.087718 138.487991 0.284409 0.005611 -0.029501 0.993353 0.111267 0.855016 0.082738 -0.511959 -0.517762 0.080032 -0.851773
82.738487 4.035962 117.919167 0.533520 0.005840 0.009049 0.999947 -0.004871 0.893422 -0.010273 -0.449101 -0.449128 -0.000288 -0.893468
117.843575 4.035962 99.020973 0.762397 0.006050 0.358567 0.913329 -0.193028 0.813394 -0.407143 -0.415481 -0.458061 -0.008030 -0.888885
128.763092 -9.498049 93.651405 0.981317 0.006251 0.654979 0.668340 -0.352596 0.600865 -0.743594 -0.293309 -0.458219 -0.019751 -0.888620
-36.787514 1.610957 129.024643 0.032677 0.303159 -0.225545 0.940950 0.252473 0.750007 0.333101 -0.571431 -0.621787 0.060473 -0.780849
-36.787514 1.610957 129.024643 1.000000 1.000000 -0.225545 0.940950 0.252473 0.504229 -0.108994 0.856664 0.833596 0.320520 -0.449872
-36.787514 1.610957 129.024643 0.000000 1.000000 -0.225545 0.940950 0.252473 0.402550 -0.145982 0.903683 0.887177 0.305454 -0.345854
-87.197357 -39.773907 42.968399 0.000000 0.000000 -0.886589 0.427286 -0.177164 0.032139 0.438988 0.897918 0.461440 0.790390 -0.402935
-83.156715 -34.496136 82.088074 1.000000 0.000000 -0.886589 0.427286 -0.177164 -0.084529 0.226897 0.970244 0.454769 0.875183 -0.165047
-83.156715 -34.496136 82.088074 0.000000 0.000000 -0.862998 0.503831 0.037277 0.152613 0.189645 0.969919 0.481606 0.842727 -0.240555
-82.079010 -28.206799 104.210068 0.000000 0.000000 -0.784715 0.609134 0.114800 0.277933 0.180222 0.943543 0.554054 0.772319 -0.310721
-82.079010 -28.206799 104.210068 1.000000 0.000000 -0.784715 0.609134 0.114800 0.242190 0.130816 0.961370 0.570585 0.782204 -0.250179
-69.208115 -23.786261 138.110321 1.000000 0.000000 -0.617506 0.749730 0.237891 0.412158 0.050821 0.909694 0.669935 0.659790 -0.340389
-69.208115 -23.786261 138.110321 0.000000 0.000000 -0.617506 0.749730 0.237891 0.426436 0.064964 0.902182 0.660938 0.658548 -0.359827
-51.270340 -23.266438 171.635422 1.000000 0.000000 -0.378827 0.850179 0.365631 0.537062 -0.119794 0.834994 0.753694 0.512685 -0.411217
-51.270340 -23.266438 171.635422 0.000000 0.000000 -0.378827 0.850179 0.365631 0.373355 -0.221107 0.900954 0.846815 0.477816 -0.233657
-34.993031 -36.596443 207.094482 1.000000 0.000000 -0.203121 0.877627 0.434180 0.396726 -0.331630 0.855938 0.895182 0.346109 -0.280817
103.949852 -9.498049 47.558678 0.976957 0.304026 0.654979 0.668340 -0.352596 0.600865 -0.743594 -0.293309 -0.458219 -0.019751 -0.888620
75.171326 -12.084480 -5.900053 0.971901 0.649387 0.575607 0.657370 -0.486356 0.601077 -0.743387 -0.293399 -0.554422 -0.123455 -0.823028
-63.986748 -0.975468 72.830383 0.000000 1.000000 -0.491644 0.870295 0.029543 0.345634 0.163890 0.923946 0.799264 0.464464 -0.381379
-63.986748 -0.975468 72.830383 1.000000 1.000000 -0.491644 0.870295 0.029543 0.206783 0.083724 0.974798 0.845888 0.485363 -0.221124
-63.986748 -0.975468 72.830383 0.027621 0.648521 -0.491644 0.870295 0.029543 0.668492 0.398949 -0.627661 -0.558037 -0.288836 -0.777926
8.202528 -20.070297 -16.781168 0.519050 0.994205 -0.336080 0.472745 -0.814593 0.893664 -0.112993 -0.434278 -0.297346 -0.873925 -0.384500
29.146738 1.449538 18.367685 0.524104 0.648977 -0.028823 0.990061 -0.137657 0.900389 -0.034095 -0.433747 -0.434129 -0.136447 -0.890457
57.925278 4.035964 71.826424 0.529160 0.303615 0.009049 0.999947 -0.004871 0.902965 -0.010264 -0.429592 -0.429619 -0.000511 -0.903010
60.553703 -23.695839 -33.053635 0.969333 0.824809 0.250659 0.659227 -0.708935 0.740130 -0.602534 -0.298598 -0.624002 -0.449858 -0.638944
Indices
0
12 11 5
12 0 45
14 13 10
14 45 46
18 17 2
18 46 20
47 7 19
47 20 2
19 18 47
19 2 5
13 12 45
13 5 21
7 48 20
7 21 10
15 14 28
15 10 12
46 11 2
46 12 13
2 12 47
2 13 14
47 13 7
47 14 15
7 14 48
7 15 17
49 16 18
49 17 42
18 19 49
18 42 6
19 20 42
19 6 21
6 20 41
6 21 28
24 15 22
24 28 25
21 48 26
21 25 24
48 15 25
48 24 26
41 21 27
41 26 31
3 1 32
3 31 34
8 43 36
8 34 33
44 4 35
44 33 37
29 9 38
29 37 39
23 30 40
23 39