VertexCount: 104
TriangleCount: 76
Vertices
-38.552227 -0.033297 -30.005688 0.375000 0.000000 0.000000 -1.000000 -0.000000 1.000000 0.000000 -0.000000 0.000000 -0.000000 1.000000
-38.552227 -0.033297 -30.005688 0.375000 1.000000 -1.000000 0.000003 -0.000000 0.000000 0.000000 -1.000000 -0.000003 -1.000000 -0.000000
-38.552227 -0.033297 -30.005688 0.375000 1.000000 0.000000 -0.000000 -1.000000 1.000000 0.000000 -0.000000 0.000000 -1.000000 0.000000
-38.551849 123.815880 -30.005707 0.375000 0.804863 0.000000 -0.000000 -1.000000 1.000000 0.000000 -0.000000 0.000000 -1.000000 0.000000
-38.551849 123.815880 -30.005707 0.375000 0.804863 -1.000000 0.000003 -0.000000 0.000000 0.000000 -1.000000 -0.000003 -1.000000 -0.000000
38.391594 123.815895 -30.005707 0.625000 0.804863 1.000000 0.000003 -0.000003 0.000003 0.000000 1.000000 0.000003 -1.000000 -0.000000
38.391594 123.815895 -30.005707 0.625000 0.804863 0.000000 -0.000000 -1.000000 1.000000 0.000000 -0.000000 0.000000 -1.000000 0.000000
38.391777 66.908813 -30.005699 0.625000 0.894526 0.000000 -0.000000 -1.000000 1.000000 0.000000 -0.000000 0.000000 -1.000000 0.000000
38.391777 66.908813 -30.005699 0.625000 0.894526 1.000000 0.000003 -0.000001 0.000001 0.000000 1.000000 0.000003 -1.000000 -0.000000
-38.552025 66.908806 -30.005699 0.375000 0.894526 -1.000000 0.000003 -0.000000 0.000000 0.000000 -1.000000 -0.000003 -1.000000 -0.000000
-38.552025 66.908806 -30.005699 0.375000 0.894526 0.000000 -0.000000 -1.000000 1.000000 0.000000 -0.000000 0.000000 -1.000000 0.000000
-38.552025 66.908806 29.670126 0.375000 0.355474 0.000000 0.000000 1.000000 1.000000 0.000000 -0.000000 -0.000000 1.000000 -0.000000
-38.552025 66.908806 29.670126 0.125000 0.894526 -1.000000 0.000003 -0.000000 0.000000 0.000000 -1.000000 -0.000003 -1.000000 -0.000000
38.391869 66.908806 29.670126 0.625000 0.355474 0.000000 0.000000 1.000000 1.000000 0.000000 -0.000000 -0.000000 1.000000 -0.000000
38.391869 66.908806 29.670126 0.875000 0.894526 1.000000 0.000002 -0.000001 0.000001 -0.000000 1.000000 0.000002 -1.000000 -0.000000
38.391521 158.636078 -18.882412 0.671599 0.750000 1.000000 0.000003 -0.000003 0.000003 -0.000001 1.000000 0.000003 -1.000000 -0.000001
38.391521 158.636078 -18.882412 0.625000 0.703401 -0.000000 1.000000 -0.000000 1.000000 0.000000 -0.000000 -0.000000 -0.000000 -1.000000
-38.551743 158.636078 -18.882412 0.328401 0.750000 -1.000000 0.000003 -0.000000 0.000000 0.000000 -1.000000 -0.000003 -1.000000 -0.000000
-38.551743 158.636078 -18.882412 0.375000 0.703401 -0.000000 1.000000 -0.000000 1.000000 0.000000 0.000000 0.000000 -0.000000 -1.000000
-38.551849 123.815880 -18.882406 0.328401 0.804863 -1.000000 0.000003 -0.000000 0.000000 0.000000 -1.000000 -0.000003 -1.000000 -0.000000
-38.551849 123.815880 -18.882406 0.328401 0.804863 0.000000 -0.000000 -1.000000 -0.837530 -0.546392 0.000000 -0.546392 0.837530 -0.000000
-38.551849 123.815880 -18.882406 0.328401 0.804863 0.000004 1.000000 -0.000000 0.000000 0.000000 1.000000 1.000000 -0.000004 0.000000
-38.552025 66.908806 -18.882401 0.328401 0.894526 -1.000000 0.000003 -0.000000 0.000000 0.000000 -1.000000 -0.000003 -1.000000 -0.000000
-38.552025 66.908806 -18.882401 0.328401 0.894526 -0.000004 -1.000000 -0.000000 -0.888155 0.000003 0.459545 -0.459545 0.000002 -0.888155
-38.552025 66.908806 -18.882401 0.328401 0.894526 0.000000 -0.000000 -1.000000 0.000003 1.000000 -0.000000 1.000000 -0.000003 0.000000
38.391991 -0.033297 -30.005688 0.625000 0.000000 0.000000 -1.000000 -0.000000 1.000000 0.000000 -0.000000 0.000000 -0.000000 1.000000
38.391991 -0.033297 -30.005688 0.625000 1.000000 0.000000 -0.000000 -1.000000 1.000000 0.000000 -0.000000 0.000000 -1.000000 0.000000
38.391991 -0.033297 -30.005688 0.625000 1.000000 1.000000 0.000003 -0.000001 0.000001 0.000000 1.000000 0.000003 -1.000000 0.000000
-38.552227 -0.033297 -18.882389 0.375000 0.046599 0.000000 -1.000000 -0.000000 1.000000 0.000000 -0.000000 0.000000 -0.000000 1.000000
-38.552227 -0.033297 -18.882389 0.328401 1.000000 -1.000000 0.000003 -0.000000 0.000000 0.000000 -1.000000 -0.000003 -1.000000 -0.000000
38.391991 -0.033297 -18.882389 0.625000 0.046599 0.000000 -1.000000 -0.000000 1.000000 0.000000 -0.000000 0.000000 -0.000000 1.000000
38.391991 -0.033297 -18.882389 0.671599 1.000000 1.000000 0.000003 -0.000001 0.000001 -0.000000 1.000000 0.000003 -1.000000 -0.000000
38.391792 66.908813 -18.882401 0.671599 0.894526 1.000000 0.000003 -0.000001 0.000001 -0.000000 1.000000 0.000003 -1.000000 -0.000000
38.391792 66.908813 -18.882401 0.671599 0.894526 -0.000003 -0.000000 -1.000000 0.837526 0.546397 -0.000002 0.546397 -0.837526 -0.000001
38.391792 66.908813 -18.882401 0.671599 0.894526 0.000003 -1.000000 -0.000000 0.000002 0.000000 1.000000 -1.000000 -0.000003 0.000002
38.391624 123.815895 -18.882406 0.671599 0.804863 -0.000003 1.000000 -0.000000 0.888156 0.000003 0.459542 0.459542 0.000001 -0.888156
38.391624 123.815895 -18.882406 0.671599 0.804863 1.000000 0.000003 -0.000003 0.000003 -0.000000 1.000000 0.000003 -1.000000 -0.000000
38.391624 123.815895 -18.882406 0.671599 0.804863 -0.000003 -0.000000 -1.000000 0.000003 -1.000000 0.000000 -1.000000 -0.000003 0.000003
38.391651 158.636078 16.519396 0.625000 0.555092 0.000000 1.000000 0.000000 1.000000 0.000000 -0.000000 -0.000000 0.000000 -1.000000
38.391651 158.636078 16.519396 0.819908 0.750000 1.000000 0.000002 -0.000003 0.000003 -0.000000 1.000000 0.000002 -1.000000 -0.000000
-38.551743 158.636078 16.519396 0.375000 0.555092 0.000000 1.000000 0.000000 1.000000 0.000000 -0.000000 -0.000000 0.000000 -1.000000
-38.551743 158.636078 16.519396 0.180092 0.750000 -1.000000 0.000003 -0.000000 0.000000 0.000000 -1.000000 -0.000003 -1.000000 -0.000000
-38.551849 123.815880 16.519403 0.180092 0.804863 -1.000000 0.000003 -0.000000 -0.000000 -0.000000 -1.000000 -0.000003 -1.000000 0.000000
-38.551849 123.815880 16.519403 0.180092 0.804863 0.000004 1.000000 -0.000000 -0.888155 0.000003 -0.459545 -0.459545 0.000002 0.888155
-38.551849 123.815880 16.519403 0.180092 0.804863 0.000000 0.000000 1.000000 -0.000003 -1.000000 0.000000 1.000000 -0.000003 -0.000000
-38.552025 66.908806 16.519409 0.180092 0.894526 -1.000000 0.000003 -0.000000 -0.000000 -0.000000 -1.000000 -0.000003 -1.000000 0.000000
-38.552025 66.908806 16.519409 0.180092 0.894526 -0.000004 -1.000000 -0.000000 0.000000 0.000000 -1.000000 1.000000 -0.000004 0.000000
-38.552025 66.908806 16.519409 0.180092 0.894526 0.000000 0.000000 1.000000 -0.837526 0.546397 -0.000000 -0.546397 -0.837526 0.000000
-38.552227 -0.033297 16.519417 0.180092 1.000000 -1.000000 0.000003 -0.000000 0.000000 0.000000 -1.000000 -0.000003 -1.000000 -0.000000
-38.552227 -0.033297 16.519417 0.375000 0.194908 0.000000 -1.000000 -0.000000 1.000000 0.000000 -0.000000 0.000000 -0.000000 1.000000
38.391991 -0.033297 16.519417 0.625000 0.194908 0.000000 -1.000000 -0.000000 1.000000 0.000000 -0.000000 0.000000 -0.000000 1.000000
38.391991 -0.033297 16.519417 0.819908 1.000000 1.000000 0.000002 -0.000001 0.000001 -0.000000 1.000000 0.000002 -1.000000 -0.000000
-38.551743 158.636078 -30.005713 0.375000 0.750000 -1.000000 0.000003 -0.000000 0.000000 0.000000 -1.000000 -0.000003 -1.000000 -0.000000
-38.551743 158.636078 -30.005713 0.375000 0.750000 0.000000 -0.000000 -1.000000 1.000000 0.000000 -0.000000 0.000000 -1.000000 0.000000
-38.551743 158.636078 -30.005713 0.375000 0.750000 -0.000000 1.000000 -0.000001 1.000000 0.000000 0.000000 0.000000 -0.000001 -1.000000
38.391850 66.908813 16.519409 0.819908 0.894526 1.000000 0.000002 -0.000001 0.000001 -0.000000 1.000000 0.000002 -1.000000 -0.000000
38.391850 66.908813 16.519409 0.819908 0.894526 0.000003 -1.000000 -0.000000 0.888154 0.000003 -0.459547 0.459547 0.000001 0.888154
38.391850 66.908813 16.519409 0.819908 0.894526 0.000002 0.000000 1.000000 -0.000002 1.000000 -0.000000 -1.000000 -0.000002 0.000002
38.391727 123.815887 16.519403 0.819908 0.804863 -0.000003 1.000000 -0.000000 -0.000003 -0.000000 -1.000000 -1.000000 -0.000003 0.000003
38.391727 123.815887 16.519403 0.819908 0.804863 1.000000 0.000002 -0.000003 0.000003 -0.000000 1.000000 0.000002 -1.000000 -0.000000
38.391727 123.815887 16.519403 0.819908 0.804863 0.000002 0.000000 1.000000 0.837529 -0.546392 -0.000002 0.546392 0.837529 -0.000001
-63.603558 66.908897 -18.882401 0.328401 0.894526 -1.000000 0.000003 -0.000000 0.000000 0.000000 -1.000000 -0.000003 -1.000000 -0.000000
-63.603558 66.908897 -18.882401 0.328401 0.894526 -0.000004 -1.000000 -0.000000 0.000000 0.000000 1.000000 -1.000000 0.000004 0.000000
-63.603558 66.908897 -18.882401 0.328401 0.894526 0.000000 -0.000000 -1.000000 0.837530 0.546392 -0.000000 0.546392 -0.837530 0.000000
-63.603558 66.908897 16.519409 0.180092 0.894526 -1.000000 0.000003 -0.000000 0.000000 0.000000 -1.000000 -0.000003 -1.000000 -0.000000
-63.603558 66.908897 16.519409 0.180092 0.894526 -0.000004 -1.000000 -0.000000 0.888155 -0.000003 -0.459545 0.459545 -0.000002 0.888155
-63.603558 66.908897 16.519409 0.180092 0.894526 0.000000 0.000000 1.000000 0.000003 1.000000 -0.000000 -1.000000 0.000003 0.000000
-63.603386 123.815971 -18.882406 0.328401 0.804863 -1.000000 0.000003 -0.000000 0.000000 0.000000 -1.000000 -0.000003 -1.000000 -0.000000
-63.603386 123.815971 -18.882406 0.328401 0.804863 0.000000 -0.000000 -1.000000 -0.000003 -1.000000 0.000000 -1.000000 0.000003 -0.000000
-63.603386 123.815971 -18.882406 0.328401 0.804863 0.000004 1.000000 -0.000000 0.888155 -0.000003 0.459545 0.459545 -0.000002 -0.888155
-63.603386 123.815971 16.519403 0.180092 0.804863 -1.000000 0.000003 -0.000000 0.000000 0.000000 -1.000000 -0.000003 -1.000000 -0.000000
-63.603386 123.815971 16.519403 0.180092 0.804863 0.000004 1.000000 -0.000000 0.000000 0.000000 -1.000000 -1.000000 0.000004 0.000000
-63.603386 123.815971 16.519403 0.180092 0.804863 0.000000 0.000000 1.000000 0.837526 -0.546397 0.000000 0.546397 0.837526 -0.000000
63.443329 66.908890 -18.882462 0.671599 0.894526 1.000000 0.000003 -0.000002 0.000002 -0.000000 1.000000 0.000003 -1.000000 -0.000000
63.443329 66.908890 -18.882462 0.671599 0.894526 -0.000003 -0.000000 -1.000000 -0.000003 1.000000 -0.000000 1.000000 0.000003 -0.000003
63.443329 66.908890 -18.882462 0.671599 0.894526 0.000003 -1.000000 -0.000000 -0.888154 -0.000003 0.459547 -0.459547 -0.000001 -0.888154
63.443161 123.815971 -18.882467 0.671599 0.804863 -0.000003 1.000000 -0.000000 0.000003 0.000000 1.000000 1.000000 0.000003 -0.000003
63.443161 123.815971 -18.882467 0.671599 0.804863 1.000000 0.000003 -0.000002 0.000002 -0.000000 1.000000 0.000003 -1.000000 -0.000000
63.443161 123.815971 -18.882467 0.671599 0.804863 -0.000003 -0.000000 -1.000000 -0.837526 -0.546397 0.000002 -0.546397 0.837526 0.000001
63.443386 66.908890 16.519348 0.819908 0.894526 1.000000 0.000003 -0.000002 0.000002 0.000000 1.000000 0.000003 -1.000000 -0.000000
63.443386 66.908890 16.519348 0.819908 0.894526 0.000003 -1.000000 -0.000000 -0.000002 -0.000000 -1.000000 1.000000 0.000003 -0.000002
63.443386 66.908890 16.519348 0.819908 0.894526 0.000002 0.000000 1.000000 -0.837529 0.546392 0.000002 -0.546392 -0.837529 0.000001
63.443264 123.815964 16.519342 0.819908 0.804863 -0.000003 1.000000 -0.000000 -0.888156 -0.000003 -0.459542 -0.459542 -0.000001 0.888156
63.443264 123.815964 16.519342 0.819908 0.804863 1.000000 0.000003 -0.000002 0.000002 -0.000000 1.000000 0.000003 -1.000000 -0.000000
63.443264 123.815964 16.519342 0.819908 0.804863 0.000002 0.000000 1.000000 0.000002 -1.000000 0.000000 1.000000 0.000002 -0.000002
38.391479 158.636093 -30.005713 0.625000 0.750000 1.000000 0.000003 -0.000003 0.000003 -0.000001 1.000000 0.000003 -1.000000 -0.000001
38.391479 158.636093 -30.005713 0.625000 0.750000 0.000000 -0.000000 -1.000000 1.000000 0.000000 -0.000000 0.000000 -1.000000 0.000000
38.391479 158.636093 -30.005713 0.625000 0.750000 -0.000000 1.000000 -0.000001 1.000000 0.000000 -0.000000 0.000000 -0.000001 -1.000000
-38.551743 158.636078 29.670115 0.375000 0.500000 0.000000 1.000000 -0.000000 1.000000 0.000000 -0.000000 -0.000000 -0.000000 -1.000000
-38.551743 158.636078 29.670115 0.125000 0.750000 -1.000000 0.000003 -0.000000 -0.000000 -0.000000 -1.000000 -0.000003 -1.000000 0.000000
-38.551743 158.636078 29.670115 0.375000 0.500000 0.000000 0.000000 1.000000 1.000000 0.000000 -0.000000 -0.000000 1.000000 -0.000000
38.391701 158.636078 29.670115 0.625000 0.500000 0.000000 1.000000 -0.000000 1.000000 0.000000 -0.000000 -0.000000 -0.000000 -1.000000
38.391701 158.636078 29.670115 0.875000 0.750000 1.000000 0.000002 -0.000003 0.000003 0.000000 1.000000 0.000002 -1.000000 -0.000000
38.391701 158.636078 29.670115 0.625000 0.500000 0.000000 0.000000 1.000000 1.000000 0.000000 -0.000000 -0.000000 1.000000 -0.000000
-38.552227 -0.033297 29.670134 0.375000 0.250000 0.000000 0.000000 1.000000 1.000000 0.000000 -0.000000 -0.000000 1.000000 -0.000000
-38.552227 -0.033297 29.670134 0.125000 1.000000 -1.000000 0.000003 -0.000000 0.000000 0.000000 -1.000000 -0.000003 -1.000000 -0.000000
-38.552227 -0.033297 29.670134 0.375000 0.250000 0.000000 -1.000000 -0.000000 1.000000 0.000000 -0.000000 0.000000 -0.000000 1.000000
38.391991 -0.033297 29.670134 0.625000 0.250000 0.000000 0.000000 1.000000 1.000000 0.000000 -0.000000 -0.000000 1.000000 -0.000000
38.391991 -0.033297 29.670134 0.625000 0.250000 0.000000 -1.000000 -0.000000 1.000000 0.000000 -0.000000 0.000000 -0.000000 1.000000
38.391991 -0.033297 29.670134 0.875000 1.000000 1.000000 0.000002 -0.000001 0.000001 0.000000 1.000000 0.000002 -1.000000 0.000000
38.391766 123.815880 29.670120 0.625000 0.445137 0.000000 0.000000 1.000000 1.000000 0.000000 -0.000000 -0.000000 1.000000 -0.000000
38.391766 123.815880 29.670120 0.875000 0.804863 1.000000 0.000002 -0.000003 0.000003 -0.000000 1.000000 0.000002 -1.000000 -0.000000
-38.551849 123.815880 29.670120 0.375000 0.445137 0.000000 0.000000 1.000000 1.000000 0.000000 -0.000000 -0.000000 1.000000 -0.000000
-38.551849 123.815880 29.670120 0.125000 0.804863 -1.000000 0.000003 -0.000000 -0.000000 -0.000000 -1.000000 -0.000003 -1.000000 0.000000
Indices
53
6 3 86
6 53 18
87 54 16
87 18 102
93 90 100
93 102 0
30 28 25
30 0 85
36 5 15
36 85 17
4 19 52
4 17 94
13 11 97
13 94 22
1 29 9
1 22 10
26 2 7
26 10 8
31 27 32
31 8 3
7 10 6
7 3 19
9 22 4
9 19 11
100 102 13
100 11 5
32 8 36
32 5 40
16 18 38
16 40 41
19 42 17
19 41 70
61 64 67
61 70 45
29 48 22
29 45 28
50 49 30
50 28 55
31 32 51
31 55 83
73 77 79
73 83 39
36 15 59
36 39 88
38 40 91
38 88 89
42 103 41
42 89 103
45 12 42
45 103 12
48 95 45
48 12 49
98 96 50
98 49 14
51 55 99
51 14 101
55 59 14
55 101 92
59 39 101
59 92 65
23 46 62
23 65 63
20 24 68
20 63 69
43 21 71
43 69 72
47 44 66
47 72 78
33 37 74
33 78 75
56 34 80
56 75 81
60 57 84
60 81 82
35 58 76
35 82