VertexCount: 12
TriangleCount: 12
Vertices
5.801849 9.098184 16.432859 0.138989 0.644884 -0.583485 0.614828 0.530595 -0.317446 0.428696 -0.845842 -0.747511 -0.661972 -0.054963
4.029243 7.207190 13.326730 0.307483 0.718266 -0.562813 0.731932 -0.384079 0.137087 -0.375571 -0.916599 -0.815137 -0.568526 0.111038
1.705721 5.291742 12.861014 0.342713 0.814621 -0.615621 0.742355 -0.264423 0.076847 -0.277393 -0.957678 -0.784286 -0.609887 0.113721
1.330472 4.504845 18.331139 0.060993 0.853601 -0.524574 0.765444 0.372716 -0.259928 0.272891 -0.926266 -0.810715 -0.582774 0.055809
5.348304 9.191360 14.831078 0.224656 0.651503 -0.623001 0.720592 -0.304330 0.088452 -0.321666 -0.942713 -0.777204 -0.614229 0.136661
0.268701 4.330983 14.007094 0.290672 0.874281 -0.617990 0.759937 -0.201453 0.048412 -0.218971 -0.974530 -0.784694 -0.612003 0.098532
-2.085011 3.186133 16.162743 0.191650 0.965372 -0.591293 0.797137 0.122252 -0.134292 0.052150 -0.989569 -0.795197 -0.601542 0.076213
4.934099 9.102418 15.774076 0.178248 0.667137 -0.685131 0.689630 0.234534 -0.186860 0.144806 -0.971655 -0.704044 -0.709537 0.029653
3.443841 6.486323 17.166672 0.111404 0.757487 -0.557156 0.695720 0.453376 -0.294055 0.345297 -0.891236 -0.776600 -0.629876 0.012196
2.773779 6.669250 15.917480 0.180265 0.769546 -0.639688 0.747803 0.177734 -0.158252 0.098145 -0.982509 -0.752167 -0.656626 0.055559
3.018234 6.959910 14.488560 0.253103 0.753824 -0.621395 0.741751 -0.252336 0.076993 -0.262695 -0.961802 -0.779706 -0.617087 0.106128
6.681336 9.671974 14.666754 0.225868 0.605699 -0.500916 0.709170 -0.496146 0.199914 -0.462945 -0.863549 -0.842091 -0.531752 0.090124
Indices
7
8 0 9
8 7 7
10 9 4
10 7 9
3 8 6
3 9 5
9 10 6
9 5 4
1 10 11
1 4 10
2 5 1
2 10