VertexCount: 28
TriangleCount: 18
Vertices
5.814023 15.861472 14.780308 0.475605 0.555519 -0.131584 0.977881 0.162586 0.963814 0.087844 0.251688 0.231839 0.189820 -0.954054
5.814023 15.861472 14.780308 0.847315 0.000626 -0.131584 0.977881 0.162586 0.883520 0.190063 -0.428098 -0.449530 0.087317 -0.888987
5.814023 15.861472 14.780308 0.619571 0.434094 -0.131584 0.977881 0.162586 0.789765 0.004286 0.613395 0.599130 0.209117 -0.772860
5.814023 15.861472 14.780308 0.164164 0.866589 -0.131584 0.977881 0.162586 0.076077 -0.153567 0.985205 0.988382 0.142006 -0.054187
5.814023 15.861472 14.780308 0.339043 0.425996 -0.131584 0.977881 0.162586 -0.032120 -0.168131 0.985241 0.990785 0.124419 0.053533
5.814023 15.861472 14.780308 0.475605 0.555519 -0.131584 0.977881 0.162586 0.929196 0.178811 -0.323453 -0.345371 0.108513 -0.932172
9.936763 6.378852 17.676136 0.726141 0.014920 0.694435 0.473457 0.541848 0.709901 -0.327852 -0.623341 -0.117479 0.817528 -0.563779
9.936763 6.378852 17.676136 0.502116 0.987175 0.694435 0.473457 0.541848 -0.492993 -0.235463 0.837565 0.524136 -0.848761 0.069897
7.827707 11.534734 14.734982 0.709570 0.664672 0.828472 0.420565 -0.369810 0.480433 -0.194400 0.855215 0.287782 -0.886191 -0.363108
7.827707 11.534734 14.734982 0.319863 0.644195 0.828472 0.420565 -0.369810 0.316541 0.193085 0.928720 0.461992 -0.886478 0.026840
10.524428 6.477584 14.318319 0.844984 0.995274 0.824068 0.451716 -0.341854 0.472704 -0.215757 0.854400 0.312189 -0.865680 -0.391327
10.524428 6.477584 14.318319 0.260072 0.986535 0.824068 0.451716 -0.341854 0.277038 0.205020 0.938731 0.494127 -0.868286 0.043808
5.557989 7.042088 19.319576 0.453273 0.022713 0.024708 0.594543 0.803684 0.999359 0.006154 -0.035277 -0.025920 0.804040 -0.594010
1.859015 8.084420 13.174053 0.026173 0.416866 -0.597884 0.689266 -0.409202 -0.210611 0.357478 0.909864 0.773419 0.630176 -0.068564
1.859015 8.084420 13.174053 0.655365 0.494436 -0.597884 0.689266 -0.409202 0.770369 0.353020 -0.530951 -0.221510 -0.632684 -0.742054
0.958788 6.686117 18.221901 0.359889 0.305409 -0.469751 0.789468 0.395062 0.290625 -0.284269 0.913635 0.833589 0.543995 -0.095904
0.958788 6.686117 18.221901 0.164961 0.024544 -0.469751 0.789468 0.395062 0.868975 0.334622 0.364571 0.155621 0.514556 -0.843217
5.923210 11.737185 16.759153 0.480154 0.343859 -0.152933 0.516286 0.842651 0.987626 0.109812 0.111964 -0.034728 0.849347 -0.526692
4.858926 11.705509 16.518675 0.419787 0.341993 -0.530390 0.725986 0.437756 0.830273 0.340521 0.441240 0.171269 0.597486 -0.783376
4.858926 11.705509 16.518675 0.253475 0.648684 -0.530390 0.725986 0.437756 0.312203 -0.312809 0.897040 0.788172 0.612450 -0.060744
4.727584 11.697128 14.154446 0.807755 0.242332 -0.655982 0.682098 -0.323157 0.689822 0.368037 -0.623454 -0.306323 -0.631895 -0.711951
4.727584 11.697128 14.154446 0.121230 0.648297 -0.655982 0.682098 -0.323157 -0.193341 0.262010 0.945500 0.729594 0.682710 -0.039996
6.098604 11.744178 13.474821 0.904971 0.239483 -0.532545 0.583266 -0.613348 0.802751 0.118349 -0.584452 -0.268302 -0.803613 -0.531244
6.098604 11.744178 13.474821 0.582867 0.652186 -0.532545 0.583266 -0.613348 0.601492 0.770626 0.210579 0.595485 -0.256781 -0.761223
6.309912 7.092199 11.377438 1.000999 0.561806 0.048414 0.787837 -0.613978 0.951510 -0.223333 -0.211544 -0.303784 -0.573964 -0.760447
6.309912 7.092199 11.377438 0.498786 0.952469 0.048414 0.787837 -0.613978 0.855904 0.284135 0.432084 0.514864 -0.546425 -0.660556
7.777855 11.479002 16.214073 0.584211 0.329283 0.699378 0.479416 0.530124 0.696104 -0.288550 -0.657402 -0.162202 0.828794 -0.535529
7.777855 11.479002 16.214073 0.409094 0.647623 0.699378 0.479416 0.530124 -0.466268 -0.256120 0.846756 0.541724 -0.839383 0.044412
Indices
18
17 0 21
19 3 18
12 17 16
12 18 13
19 21 15
19 13 22
20 1 20
24 14 22
24 20 26
5 17 12
26 17 6
26 12 8
23 2 8
25 23 10
25 8 9
4 27 11
27 7 9
27 11