VertexCount: 12
TriangleCount: 12
Vertices
6.822948 9.556909 14.632050 0.792767 0.665996 0.800159 0.527330 0.285778 -0.351666 0.026497 0.935750 0.485877 -0.849247 0.206646
5.838038 8.375174 17.112064 0.969627 0.695009 0.463110 0.469930 0.751462 -0.636186 -0.414071 0.651009 0.617087 -0.779558 0.107202
6.467301 6.236147 18.042189 1.002034 0.777393 0.424441 0.457214 0.781540 -0.712374 -0.364166 0.599922 0.558903 -0.811381 0.171141
10.854692 5.074662 13.858269 0.742888 0.836200 0.613935 0.710060 0.344816 -0.525227 0.041372 0.849956 0.589254 -0.702925 0.398343
5.846940 9.995932 16.020771 0.886314 0.642147 0.615337 0.499223 0.610030 -0.541472 -0.294718 0.787368 0.572860 -0.814811 0.088965
8.188329 4.267240 19.513199 0.954163 0.855223 0.482241 0.542970 0.687479 -0.630602 -0.329584 0.702649 0.608100 -0.772372 0.183459
11.539496 3.196252 17.163300 0.863075 0.939014 0.577270 0.669670 0.467228 -0.550494 -0.103440 0.828406 0.603089 -0.735420 0.308936
6.727262 9.229898 15.633440 0.850748 0.682404 0.762951 0.518780 0.385710 -0.407048 -0.078003 0.910070 0.502213 -0.851342 0.151656
8.275496 7.621234 13.826733 0.789259 0.747788 0.710482 0.627212 0.319094 -0.415664 0.008150 0.909481 0.567837 -0.778806 0.266500
7.791596 7.469856 15.771025 0.852602 0.758880 0.672877 0.601175 0.431075 -0.478722 -0.090386 0.873301 0.563970 -0.793990 0.226977
7.095273 7.666582 16.722544 0.919604 0.744418 0.549376 0.523161 0.651528 -0.599390 -0.296519 0.743511 0.582166 -0.798986 0.150677
5.311687 10.698687 15.934616 0.887947 0.608162 0.500856 0.481519 0.719224 -0.614734 -0.387063 0.687229 0.609299 -0.786334 0.102144
Indices
0
9 8 7
9 0 7
10 9 4
10 7 9
3 8 6
3 9 5
9 10 6
9 5 4
1 10 11
1 4 10
2 5 1
2 10