VertexCount: 15
TriangleCount: 12
Vertices
5.980423 9.252993 15.463614 0.728579 0.236567 0.665745 0.452704 0.593163 -0.484255 0.866916 -0.118124 -0.567698 -0.208602 0.796369
3.514726 6.881142 16.335997 0.594702 0.288235 -0.855912 0.398728 0.329289 -0.501347 -0.795900 -0.339402 0.126752 -0.455586 0.881122
2.755838 5.276071 17.054916 0.624357 0.364219 -0.849464 0.415234 0.325565 -0.506932 -0.471052 -0.721893 -0.146396 -0.778261 0.610637
7.417511 4.810691 19.802856 0.626635 0.429495 0.585696 0.566003 0.580173 -0.798291 0.526746 0.292011 -0.140325 -0.634176 0.760348
4.847122 9.081366 15.940899 0.528533 0.266239 -0.654351 0.478815 0.585287 -0.669562 -0.726581 -0.154164 0.351443 -0.492763 0.796035
3.717046 4.083108 19.771891 0.571392 0.475400 -0.653117 0.539205 0.531692 -0.749587 -0.360662 -0.555015 -0.107506 -0.761039 0.639735
5.412978 3.024570 21.986105 0.443510 0.574303 0.061095 0.679854 0.730798 -0.993924 0.108598 -0.017935 -0.091557 -0.725262 0.682358
5.412978 3.024570 21.986105 0.676445 0.574303 0.061095 0.679854 0.730798 -0.985886 0.155444 -0.062187 -0.155876 -0.716684 0.679755
5.546716 9.107365 16.413809 0.772670 0.277429 0.131397 0.575870 0.806913 -0.711507 0.621569 -0.327734 -0.690284 -0.531061 0.491408
5.546716 9.107365 16.413809 0.479427 0.277429 0.131397 0.575870 0.806913 -0.986413 -0.005020 0.164209 0.098614 -0.817526 0.567386
6.781277 6.425172 18.190641 0.665399 0.327796 0.626854 0.511147 0.588033 -0.660298 0.749153 0.052690 -0.413595 -0.421306 0.807119
5.244157 6.245693 18.759836 0.722537 0.363663 0.095614 0.630878 0.769968 -0.945422 0.299616 -0.128090 -0.311504 -0.715698 0.625094
5.244157 6.245693 18.759836 0.481634 0.363663 0.095614 0.630878 0.769968 -0.992316 0.121436 0.023726 -0.078534 -0.766320 0.637641
4.156537 6.137267 18.433022 0.550198 0.362741 -0.654256 0.509955 0.558475 -0.755926 -0.463338 -0.462487 0.022915 -0.724751 0.688630
4.607251 9.639769 14.894570 0.557094 0.213959 -0.862128 0.381957 0.332933 -0.430703 -0.898533 -0.084463 0.266890 -0.216213 0.939160
Indices
8
10 0 11
10 8 9
13 12 4
13 9 11
3 10 7
3 11 5
12 13 6
12 5 4
1 13 14
1 4 13
2 5 1
2 13