VertexCount: 15
TriangleCount: 12
Vertices
4.430396 7.783645 13.957224 0.463523 0.656676 -0.374285 0.502778 -0.779182 0.888945 0.433737 -0.147135 0.263984 -0.747721 -0.609283
8.351571 6.003936 14.313870 0.594117 0.723069 0.634368 0.755321 -0.164524 0.651146 -0.407396 0.640342 0.416637 -0.513341 -0.750263
8.351571 6.003936 14.313870 0.627676 0.703373 0.634368 0.755321 -0.164524 0.657026 -0.414680 0.629569 0.407301 -0.507475 -0.759325
10.645627 4.902100 13.725430 0.666037 0.810344 0.443011 0.854125 -0.272419 0.807792 -0.248493 0.534532 0.388863 -0.456861 -0.800040
3.319013 4.306461 11.084669 0.392877 0.845724 -0.352154 0.604741 -0.714336 0.921387 0.358075 -0.151087 0.164417 -0.711386 -0.683299
6.796978 8.120332 14.102578 0.545287 0.642901 0.574500 0.689708 -0.440741 0.793864 -0.338397 0.505240 0.199323 -0.640149 -0.741944
6.796978 8.120332 14.102578 0.548725 0.662598 0.574500 0.689708 -0.440741 0.793916 -0.338565 0.505046 0.199115 -0.640060 -0.742076
9.599153 4.409128 12.053956 0.618261 0.864382 0.349642 0.806261 -0.477173 0.877733 -0.103793 0.467773 0.327619 -0.582384 -0.743972
7.272011 3.934825 9.066001 0.518829 0.946888 -0.051232 0.698884 -0.713398 0.980688 0.170215 0.096326 0.188752 -0.694686 -0.694107
5.712711 7.901602 13.524522 0.506690 0.676758 -0.041481 0.615885 -0.786743 0.976528 0.191563 0.098473 0.211359 -0.764192 -0.609375
4.255776 5.353311 12.580050 0.438537 0.758668 -0.363815 0.555226 -0.747905 0.900066 0.416285 -0.128794 0.239832 -0.720022 -0.651191
6.225000 6.160051 12.047528 0.508516 0.769517 -0.046486 0.658893 -0.750799 0.978818 0.180068 0.097422 0.199386 -0.730367 -0.653307
7.967193 6.257898 12.909097 0.575185 0.735580 0.458074 0.758199 -0.464007 0.853857 -0.230155 0.466859 0.247179 -0.610051 -0.752821
7.967193 6.257898 12.909097 0.574490 0.755277 0.458074 0.758199 -0.464007 0.852166 -0.226025 0.471939 0.252947 -0.611593 -0.749648
6.598003 8.232225 14.868577 0.564880 0.615648 0.807010 0.589759 -0.030329 0.459252 -0.594484 0.660058 0.371245 -0.546601 -0.750602
Indices
9
10 0 11
10 9 9
13 11 6
13 9 11
4 10 8
4 11 7
11 13 8
11 7 5
2 12 14
2 5 1
7 13 3
7 1