VertexCount: 31
TriangleCount: 24
Vertices
2.221094 19.775652 0.454446 0.778466 0.217652 0.867393 0.495945 0.040836 0.289275 -0.435755 -0.852313 -0.404906 0.751104 -0.521435
2.221094 19.775652 0.454446 0.778466 0.217652 0.867393 0.495945 0.040836 -0.481868 0.857583 -0.179873 -0.124227 0.136344 0.982842
-0.092049 15.283779 0.577240 0.818507 0.432809 -0.672528 0.739704 0.023343 0.018956 0.048748 -0.998631 -0.739829 -0.671165 -0.046806
-3.395278 10.399582 -0.090151 0.834841 0.567693 -0.750833 0.659553 0.035214 0.069798 0.132249 -0.988756 -0.656794 -0.739932 -0.145332
2.209067 19.760506 0.451719 0.778531 0.217253 0.453806 0.608269 -0.651206 -0.862160 0.114975 -0.493418 -0.225258 0.785360 0.576601
2.209067 19.760506 0.451719 0.825970 0.315987 0.453806 0.608269 -0.651206 0.406352 -0.791641 -0.456270 -0.793057 -0.057561 -0.606422
1.777085 14.714743 -1.247352 0.812549 0.101539 0.305956 0.633068 -0.711067 -0.794004 -0.242432 -0.557481 -0.525308 0.735154 0.428485
1.777085 14.714743 -1.247352 0.904414 0.436746 0.305956 0.633068 -0.711067 0.767072 -0.606307 -0.209745 -0.563907 -0.481267 -0.671112
2.684172 10.092671 -4.163819 0.872614 0.001105 0.349540 0.308572 -0.884650 -0.918255 -0.074710 -0.388878 -0.186089 0.948263 0.257233
2.684172 10.092671 -4.163819 0.998124 0.510822 0.349540 0.308572 -0.884650 0.653017 -0.757318 -0.006139 -0.671856 -0.575546 -0.466216
2.191331 19.772881 0.454031 0.822749 0.313410 -0.523976 0.603860 -0.600668 0.617626 -0.216242 -0.756160 -0.586504 -0.767198 -0.259654
2.191331 19.772881 0.454031 0.831698 0.333909 -0.523976 0.603860 -0.600668 -0.389984 -0.797057 -0.461099 -0.757206 -0.007354 0.653135
0.688844 15.000412 -1.196951 0.860185 0.436712 -0.325128 0.528269 -0.784362 0.726723 -0.391160 -0.564683 -0.605116 -0.753608 -0.256728
0.688844 15.000412 -1.196951 0.879210 0.447935 -0.325128 0.528269 -0.784362 0.500152 -0.607868 -0.616720 -0.802583 -0.592814 -0.066580
-0.957077 9.360739 -4.535898 0.938091 0.582751 -0.362021 0.539996 -0.759832 0.736693 -0.333705 -0.588153 -0.571160 -0.772687 -0.277003
-0.957077 9.360739 -4.535898 0.940636 0.580465 -0.362021 0.539996 -0.759832 0.647263 -0.440966 -0.621772 -0.670814 -0.716906 -0.189880
4.730312 10.182676 0.092899 0.772619 0.016251 0.903286 0.412030 -0.119605 -0.153949 0.051060 -0.986759 -0.400467 0.909739 0.109554
2.202111 19.766840 0.470871 0.649993 0.007200 0.252678 0.412758 0.875091 -0.965350 0.168517 0.199254 -0.065224 -0.895116 0.441037
2.202111 19.766840 0.470871 0.822313 0.313484 0.252678 0.412758 0.875091 -0.936727 0.330829 0.114431 -0.242273 -0.848636 0.470235
-1.086305 10.938749 4.241619 0.686266 0.217646 -0.363397 0.545543 0.755199 -0.914697 -0.055061 -0.400371 -0.176838 -0.836272 0.519015
-1.086305 10.938749 4.241619 0.725800 0.539250 -0.363397 0.545543 0.755199 -0.651072 0.431097 -0.624708 -0.666369 -0.718706 0.198529
3.900722 9.859538 4.750325 0.570992 0.216451 0.584294 0.466093 0.664348 -0.777746 0.555384 0.294381 -0.231759 -0.688699 0.687010
3.900722 9.859538 4.750325 0.667591 0.008122 0.584294 0.466093 0.664348 0.620554 0.270945 -0.735868 -0.522985 0.842227 -0.130924
2.211151 19.772322 0.465179 0.778234 0.217536 0.701970 0.389463 0.596286 0.649217 -0.005665 -0.760582 -0.292841 0.921025 -0.256822
2.211151 19.772322 0.465179 0.649809 0.007037 0.701970 0.389463 0.596286 -0.710629 0.327330 0.622785 0.047369 -0.860915 0.506540
2.627524 14.678070 0.287676 0.776240 0.106023 0.778454 0.627576 0.012600 -0.101895 0.146148 -0.984001 -0.619376 0.764716 0.177716
2.235533 14.701620 1.567115 0.626238 0.119100 0.456876 0.699623 0.549356 -0.889294 0.373485 0.263943 -0.020516 -0.609128 0.792807
2.235533 14.701620 1.567115 0.747764 0.105473 0.456876 0.699623 0.549356 0.514238 0.296191 -0.804879 -0.725826 0.650230 -0.224450
0.490909 15.078529 1.805368 0.667296 0.119246 -0.120363 0.704661 0.699261 -0.990879 -0.042278 -0.127955 -0.060602 -0.708284 0.703322
0.490909 15.078529 1.805368 0.787308 0.433686 -0.120363 0.704661 0.699261 -0.741961 0.404123 -0.534957 -0.659551 -0.583213 0.474189
2.182291 19.774765 0.467772 0.822431 0.313403 -0.846297 0.479821 0.231416 -0.289641 -0.049867 -0.955835 -0.447090 -0.875948 0.181178
Indices
23
25 0 23
27 25 17
26 24 17
28 26 27
16 25 22
16 27 19
26 28 21
26 19 30
29 18 30
2 29 2
20 29 3
20 2 25
4 1 6
4 25 16
6 25 8
6 16 10
2 30 10
12 2 12
3 2 14
3 12 5
13 11 13
5 7 9
13 7 15
13 9