VertexCount: 963
TriangleCount: 512
Vertices
29.076361 0.615201 73.388664 0.858789 0.649281 0.866025 0.000000 0.500000 -0.500000 0.000000 0.866026 -0.000000 -1.000000 0.000000
29.076361 0.615201 73.388664 0.659249 0.648200 0.866025 0.000000 0.500000 -0.500000 0.000000 0.866026 -0.000000 -1.000000 0.000000
4.177830 49.529316 65.388664 0.227033 0.840930 -0.531419 0.847109 0.000000 -0.187508 -0.117630 -0.975194 -0.826096 -0.518237 0.221350
4.177830 49.529316 65.388664 0.227033 0.840930 -0.531419 0.847109 0.000000 0.187509 0.117630 -0.975194 -0.826096 -0.518237 -0.221351
4.177830 49.529316 65.388664 0.227033 0.840930 -0.531419 0.847109 0.000000 -0.187508 -0.117630 -0.975194 -0.826096 -0.518237 0.221350
4.177830 49.529316 65.388664 0.227033 0.840930 -0.531419 0.847109 0.000000 0.187508 0.117630 -0.975194 -0.826096 -0.518237 -0.221351
5.657190 49.529316 59.867603 0.294680 0.840930 -0.460223 0.847109 -0.265709 0.325209 -0.117631 -0.938298 -0.826096 -0.518237 -0.221351
5.657190 49.529316 59.867603 0.294680 0.840930 -0.460223 0.847109 -0.265709 0.649985 0.117631 -0.750788 -0.604744 -0.518237 -0.604744
5.657190 49.529316 59.867603 0.294680 0.840930 -0.460223 0.847109 -0.265709 0.325208 -0.117631 -0.938298 -0.826096 -0.518237 -0.221350
5.657190 49.529316 59.867603 0.294680 0.840930 -0.460223 0.847109 -0.265709 0.649985 0.117631 -0.750788 -0.604744 -0.518237 -0.604744
9.698888 49.529316 55.825909 0.362326 0.840930 -0.265709 0.847109 -0.460223 0.750789 -0.117631 -0.649984 -0.604744 -0.518237 -0.604744
9.698888 49.529316 55.825909 0.362326 0.840930 -0.265709 0.847109 -0.460223 0.938298 0.117631 -0.325209 -0.221351 -0.518237 -0.826096
9.698888 49.529316 55.825909 0.362326 0.840930 -0.265709 0.847109 -0.460223 0.750789 -0.117630 -0.649984 -0.604743 -0.518237 -0.604744
9.698888 49.529316 55.825909 0.362326 0.840930 -0.265709 0.847109 -0.460223 0.938297 0.117630 -0.325209 -0.221351 -0.518237 -0.826096
15.219950 49.529316 54.346546 0.429973 0.840930 -0.051329 0.862168 -0.504015 0.973265 -0.069951 -0.218776 -0.223879 -0.501769 -0.835527
15.219950 49.529316 54.346546 0.429973 0.840930 -0.051329 0.862168 -0.504015 0.973264 -0.069951 -0.218776 -0.223879 -0.501769 -0.835527
15.219950 49.529316 54.346546 0.429973 0.840930 -0.051329 0.862168 -0.504015 0.972576 0.157793 0.170873 0.226851 -0.481422 -0.846623
15.219950 49.529316 54.346546 0.177891 0.640391 -0.201694 0.626670 0.752731 0.000004 -0.768525 0.639820 0.979449 0.129050 0.155005
15.219950 49.529316 54.346546 0.396461 0.704153 -0.984296 0.125219 -0.124429 0.176527 0.695996 -0.696009 -0.000551 -0.707043 -0.707170
20.741018 49.529316 55.825909 0.497620 0.840930 0.226313 0.891701 -0.391986 0.738706 0.105185 0.665770 0.634899 -0.440234 -0.634900
20.741018 49.529316 55.825909 0.497620 0.840930 0.226313 0.891701 -0.391986 0.945927 -0.105185 0.306852 0.232389 -0.440234 -0.867288
20.741018 49.529316 55.825909 0.186930 0.674127 -0.389793 0.626312 0.675126 0.002294 -0.732451 0.680816 0.920900 0.266926 0.284067
24.782711 49.529316 59.867603 0.565267 0.840930 0.497981 0.841987 -0.207539 0.295221 0.060425 0.953516 0.815389 -0.536103 -0.218482
24.782711 49.529316 59.867603 0.565267 0.840930 0.497981 0.841987 -0.207539 0.295221 0.060425 0.953516 0.815389 -0.536103 -0.218482
24.782711 49.529316 59.867603 0.565267 0.840930 0.497981 0.841987 -0.207539 0.618006 -0.176687 0.766062 0.608345 -0.509744 -0.608340
24.782711 49.529316 59.867603 0.394388 0.767974 0.599907 0.125221 0.790209 0.796715 -0.003153 -0.604347 -0.073185 0.992124 -0.101657
24.782711 49.529316 59.867603 0.211627 0.698823 -0.551039 0.626672 0.551034 0.000008 -0.660329 0.750977 0.834480 0.413822 0.363862
26.262072 49.529316 65.388664 0.632914 0.840930 0.603039 0.797633 0.011205 0.134529 -0.115534 0.984151 0.786286 -0.591974 -0.176976
26.262072 49.529316 65.388664 0.632914 0.840930 0.603039 0.797633 0.011205 -0.173059 0.117101 0.977925 0.778714 -0.591666 0.208654
26.262072 49.529316 65.388664 0.632914 0.840930 0.603039 0.797633 0.011205 0.160421 -0.135019 0.977770 0.781415 -0.587836 -0.209379
26.262072 49.529316 65.388664 0.632914 0.840930 0.603039 0.797633 0.011205 -0.173056 0.117099 0.977926 0.778714 -0.591667 0.208650
22.093567 51.105492 69.357155 0.700561 0.828524 0.267097 0.951251 0.154209 -0.687984 0.076177 0.721717 0.674787 -0.298861 0.674793
22.093567 51.105492 69.357155 0.700561 0.828524 0.267097 0.951251 0.154209 -0.281035 -0.076176 0.956669 0.921780 -0.298862 0.246989
22.093567 51.105492 69.357155 0.700561 0.828524 0.267097 0.951251 0.154209 -0.687982 0.076176 0.721719 0.674789 -0.298862 0.674790
22.093567 51.105492 69.357155 0.700561 0.828524 0.267097 0.951251 0.154209 -0.280950 -0.076204 0.956692 0.921806 -0.298855 0.246900
19.188440 51.105484 72.262276 0.768208 0.828524 0.154208 0.951251 0.267099 -0.721720 -0.076178 0.687980 0.674789 -0.298863 0.674789
19.188440 51.105484 72.262276 0.768208 0.828524 0.154208 0.951251 0.267099 -0.956669 0.076174 0.281038 0.246991 -0.298864 0.921779
19.188440 51.105484 72.262276 0.768208 0.828524 0.154208 0.951251 0.267099 -0.721781 -0.076151 0.687919 0.674723 -0.298870 0.674852
19.188440 51.105484 72.262276 0.768208 0.828524 0.154208 0.951251 0.267099 -0.956669 0.076174 0.281038 0.246992 -0.298864 0.921778
15.219950 51.105484 73.325638 0.835855 0.828524 -0.000000 0.951251 0.308418 -0.969018 -0.076177 0.234951 0.246992 -0.298863 0.921779
15.219950 51.105484 73.325638 0.024092 0.828524 -0.000000 0.951251 0.308418 -0.969018 0.076177 -0.234951 -0.246992 -0.298863 0.921779
15.219950 51.105484 73.325638 0.835855 0.828524 -0.000000 0.951251 0.308418 -0.969016 -0.076179 0.234957 0.246997 -0.298862 0.921777
15.219950 51.105484 73.325638 0.024092 0.828524 -0.000000 0.951251 0.308418 -0.969017 0.076177 -0.234952 -0.246992 -0.298863 0.921779
29.076361 0.615201 57.388664 0.523359 0.647970 0.866026 0.000000 -0.500000 0.500000 0.000000 0.866026 0.000000 -1.000000 0.000000
29.076361 0.615201 57.388664 0.850108 0.648800 0.866026 0.000000 -0.500000 0.500000 0.000000 0.866026 0.000000 -1.000000 0.000000
11.251468 51.105484 72.262276 0.091739 0.828524 -0.154209 0.951251 0.267098 -0.956668 -0.076175 -0.281039 -0.246992 -0.298863 0.921778
11.251468 51.105484 72.262276 0.091739 0.828524 -0.154209 0.951251 0.267098 -0.721721 0.076176 -0.687979 -0.674787 -0.298863 0.674791
11.251468 51.105484 72.262276 0.091739 0.828524 -0.154209 0.951251 0.267098 -0.956667 -0.076173 -0.281045 -0.246998 -0.298864 0.921777
11.251468 51.105484 72.262276 0.091739 0.828524 -0.154209 0.951251 0.267098 -0.721721 0.076176 -0.687980 -0.674788 -0.298863 0.674791
8.346335 51.105484 69.357155 0.159386 0.828524 -0.267098 0.951251 0.154209 -0.687983 -0.076177 -0.721718 -0.674788 -0.298862 0.674791
8.346335 51.105484 69.357155 0.159386 0.828524 -0.267098 0.951251 0.154209 -0.281035 0.076177 -0.956669 -0.921780 -0.298862 0.246988
8.346335 51.105484 69.357155 0.159386 0.828524 -0.267098 0.951251 0.154209 -0.687988 -0.076179 -0.721713 -0.674783 -0.298862 0.674796
8.346335 51.105484 69.357155 0.159386 0.828524 -0.267098 0.951251 0.154209 -0.281035 0.076177 -0.956670 -0.921780 -0.298862 0.246988
7.282992 51.105484 65.388672 0.227033 0.828524 -0.308418 0.951251 -0.000000 -0.234948 -0.076176 -0.969019 -0.921780 -0.298863 0.246988
7.282992 51.105484 65.388672 0.227033 0.828524 -0.308418 0.951251 -0.000000 0.234948 0.076176 -0.969018 -0.921780 -0.298863 -0.246988
7.282992 51.105484 65.388672 0.227033 0.828524 -0.308418 0.951251 -0.000000 -0.234942 -0.076174 -0.969020 -0.921781 -0.298864 0.246982
7.282992 51.105484 65.388672 0.227033 0.828524 -0.308418 0.951251 -0.000000 0.234947 0.076175 -0.969019 -0.921780 -0.298863 -0.246988
8.346335 51.105484 61.420177 0.294680 0.828524 -0.267098 0.951251 -0.154209 0.281034 -0.076177 -0.956670 -0.921780 -0.298863 -0.246988
8.346335 51.105484 61.420177 0.294680 0.828524 -0.267098 0.951251 -0.154209 0.687982 0.076177 -0.721719 -0.674789 -0.298863 -0.674790
8.346335 51.105484 61.420177 0.294680 0.828524 -0.267098 0.951251 -0.154209 0.281031 -0.076178 -0.956671 -0.921781 -0.298862 -0.246984
8.346335 51.105484 61.420177 0.294680 0.828524 -0.267098 0.951251 -0.154209 0.687982 0.076177 -0.721719 -0.674789 -0.298863 -0.674790
11.251467 51.105484 58.515053 0.362326 0.828524 -0.154209 0.951251 -0.267098 0.721720 -0.076176 -0.687980 -0.674788 -0.298863 -0.674790
11.251467 51.105484 58.515053 0.362326 0.828524 -0.154209 0.951251 -0.267098 0.956669 0.076176 -0.281037 -0.246990 -0.298863 -0.921779
11.251467 51.105484 58.515053 0.362326 0.828524 -0.154209 0.951251 -0.267098 0.721720 -0.076176 -0.687980 -0.674788 -0.298863 -0.674790
11.251467 51.105484 58.515053 0.362326 0.828524 -0.154209 0.951251 -0.267098 0.956669 0.076176 -0.281037 -0.246990 -0.298863 -0.921779
15.219950 51.105484 57.451702 0.429973 0.828524 -0.000000 0.951251 -0.308418 0.969018 -0.076176 -0.234949 -0.246990 -0.298863 -0.921779
15.219950 51.105484 57.451702 0.429973 0.828524 -0.000000 0.951251 -0.308418 0.969018 0.076176 0.234948 0.246989 -0.298863 -0.921780
15.219950 51.105484 57.451702 0.429973 0.828524 -0.000000 0.951251 -0.308418 0.969018 -0.076176 -0.234948 -0.246988 -0.298863 -0.921780
15.219950 51.105484 57.451702 0.429973 0.828524 -0.000000 0.951251 -0.308418 0.969018 0.076176 0.234948 0.246989 -0.298863 -0.921780
19.188440 51.105484 58.515053 0.497621 0.828524 0.154209 0.951251 -0.267098 0.721720 0.076176 0.687981 0.674789 -0.298863 -0.674790
19.188440 51.105484 58.515053 0.497621 0.828524 0.154209 0.951251 -0.267098 0.721720 0.076176 0.687981 0.674789 -0.298863 -0.674790
19.188440 51.105484 58.515053 0.497621 0.828524 0.154209 0.951251 -0.267098 0.956669 -0.076176 0.281036 0.246989 -0.298863 -0.921779
19.188440 51.105484 58.515053 0.497621 0.828524 0.154209 0.951251 -0.267098 0.956669 -0.076176 0.281036 0.246990 -0.298863 -0.921779
22.093565 51.105484 61.420174 0.565267 0.828524 0.267098 0.951251 -0.154209 0.281036 0.076176 0.956669 0.921780 -0.298863 -0.246989
22.093565 51.105484 61.420174 0.565267 0.828524 0.267098 0.951251 -0.154209 0.281035 0.076176 0.956669 0.921780 -0.298863 -0.246988
22.093565 51.105484 61.420174 0.565267 0.828524 0.267098 0.951251 -0.154209 0.687980 -0.076176 0.721721 0.674791 -0.298863 -0.674788
22.093565 51.105484 61.420174 0.565267 0.828524 0.267098 0.951251 -0.154209 0.687981 -0.076177 0.721720 0.674789 -0.298863 -0.674789
23.156912 51.105484 65.388664 0.632914 0.828524 0.308419 0.951251 -0.000001 0.234948 -0.076174 0.969019 0.921779 -0.298864 -0.246988
23.156912 51.105484 65.388664 0.632914 0.828524 0.308419 0.951251 -0.000001 -0.234945 0.076177 0.969019 0.921780 -0.298863 0.246986
23.156912 51.105484 65.388664 0.632914 0.828524 0.308419 0.951251 -0.000001 0.234942 -0.076172 0.969020 0.921781 -0.298864 -0.246982
23.156912 51.105484 65.388664 0.632914 0.828524 0.308419 0.951251 -0.000001 -0.234948 0.076177 0.969018 0.921780 -0.298863 0.246989
16.871738 52.178940 66.342331 0.700561 0.820074 0.151789 0.984520 0.087635 -0.701007 0.044723 0.711751 0.696813 -0.169469 0.696944
16.871738 52.178940 66.342331 0.700561 0.820074 0.151789 0.984520 0.087635 -0.265798 -0.044739 0.962990 0.952004 -0.169465 0.254893
31.219950 0.615201 65.388664 0.659549 0.647970 1.000000 0.000000 -0.000000 0.000000 0.000000 1.000000 0.000000 -1.000000 0.000000
31.219950 0.615201 65.388664 0.523059 0.648200 1.000000 0.000000 -0.000000 0.000000 0.000000 1.000000 0.000000 -1.000000 0.000000
16.173611 52.178932 67.040436 0.768207 0.820074 0.087635 0.984520 0.151792 -0.711944 -0.044678 0.700814 0.696747 -0.169483 0.697007
16.173611 52.178932 67.040436 0.768207 0.820074 0.087635 0.984520 0.151792 -0.962940 0.044705 0.265986 0.255083 -0.169476 0.951951
15.219952 52.178932 67.295982 0.835855 0.820074 -0.000000 0.984520 0.175272 -0.966918 -0.044710 0.251140 0.255089 -0.169473 0.951950
15.219952 52.178932 67.295982 0.024092 0.820074 -0.000000 0.984520 0.175272 -0.966919 0.044709 -0.251135 -0.255084 -0.169474 0.951951
14.266298 52.178932 67.040436 0.091739 0.820074 -0.087636 0.984520 0.151790 -0.962938 -0.044705 -0.265993 -0.255090 -0.169475 0.951949
14.266298 52.178932 67.040436 0.091739 0.820074 -0.087636 0.984520 0.151790 -0.711822 0.044706 -0.700936 -0.696871 -0.169475 0.696885
13.568168 52.178932 66.342331 0.159385 0.820074 -0.151790 0.984520 0.087636 -0.700955 -0.044711 -0.711802 -0.696866 -0.169473 0.696891
13.568168 52.178932 66.342331 0.159385 0.820074 -0.151790 0.984520 0.087636 -0.265971 0.044709 -0.962944 -0.951956 -0.169474 0.255067
13.312651 52.178932 65.388672 0.227032 0.820074 -0.175272 0.984520 -0.000000 -0.251113 -0.044706 -0.966925 -0.951957 -0.169475 0.255061
13.312651 52.178932 65.388672 0.227032 0.820074 -0.175272 0.984520 -0.000000 0.251121 0.044706 -0.966923 -0.951955 -0.169475 -0.255069
13.568174 52.178932 64.435005 0.294680 0.820074 -0.151790 0.984520 -0.087636 0.265969 -0.044709 -0.962944 -0.951956 -0.169474 -0.255065
13.568174 52.178932 64.435005 0.294680 0.820074 -0.151790 0.984520 -0.087636 0.700943 0.044708 -0.711814 -0.696877 -0.169474 -0.696879
14.266296 52.178932 63.736885 0.362327 0.820074 -0.087636 0.984520 -0.151790 0.711816 -0.044707 -0.700942 -0.696877 -0.169474 -0.696879
14.266296 52.178932 63.736885 0.362327 0.820074 -0.087636 0.984520 -0.151790 0.962942 0.044708 -0.265977 -0.255073 -0.169474 -0.951954
15.219952 52.178932 63.481358 0.429974 0.820074 -0.000000 0.984520 -0.175272 0.966922 -0.044707 -0.251123 -0.255072 -0.169475 -0.951954
15.219952 52.178932 63.481358 0.429974 0.820074 -0.000000 0.984520 -0.175272 0.966921 0.044708 0.251126 0.255075 -0.169474 -0.951953
16.173618 52.178932 63.736885 0.497621 0.820074 0.087636 0.984520 -0.151790 0.711816 0.044707 0.700942 0.696877 -0.169474 -0.696879
16.173618 52.178932 63.736885 0.497621 0.820074 0.087636 0.984520 -0.151790 0.962943 -0.044708 0.265975 0.255071 -0.169474 -0.951955
16.871731 52.178932 64.435005 0.565267 0.820074 0.151790 0.984520 -0.087636 0.265970 0.044709 0.962944 0.951956 -0.169474 -0.255067
16.871731 52.178932 64.435005 0.565267 0.820074 0.151790 0.984520 -0.087636 0.700928 -0.044704 0.711830 0.696893 -0.169475 -0.696863
29.076361 18.215536 73.388664 0.858789 0.234563 0.866025 0.000000 0.500000 -0.500000 0.000000 0.866026 -0.000000 -1.000000 0.000000
29.076361 18.215536 73.388664 0.659249 0.235789 0.866025 0.000000 0.500000 -0.500000 0.000000 0.866026 -0.000000 -1.000000 0.000000
29.076361 18.215536 73.388664 0.649059 0.164822 -0.030336 -0.999079 -0.030336 0.707109 0.000000 -0.707105 -0.706454 0.042902 -0.706458
29.076361 18.215536 73.388664 0.536066 0.164794 -0.041440 -0.999079 -0.011104 0.258817 -0.000000 -0.965926 -0.965037 0.042902 -0.258579
17.127249 52.178932 65.388672 0.632915 0.820074 0.175273 0.984520 -0.000002 0.251112 -0.044703 0.966925 0.951957 -0.169476 -0.255060
17.127249 52.178932 65.388672 0.632915 0.820074 0.175273 0.984520 -0.000002 -0.251035 0.044693 0.966946 0.951977 -0.169479 0.254983
33.786896 29.421936 76.108292 0.006125 0.057620 0.707107 0.000000 0.707107 -0.707107 0.000000 0.707107 -0.000000 -1.000000 0.000000
33.786896 29.421936 76.108292 0.193454 0.057620 0.965926 0.000000 0.258818 -0.258818 0.000000 0.965926 -0.000000 -1.000000 0.000000
33.786896 29.421936 76.108292 0.194003 0.059981 -0.050991 -0.997397 -0.050991 0.707107 -0.000000 -0.707107 -0.705266 0.072112 -0.705266
33.786896 29.421936 76.108292 0.005797 0.060039 -0.069655 -0.997397 -0.018664 0.259632 -0.000061 -0.965708 -0.963192 0.072112 -0.258960
25.939575 29.421936 83.955605 0.193231 0.057620 0.707107 0.000000 0.707107 -0.707107 0.000000 0.707107 -0.000000 -1.000000 0.000000
25.939575 29.421936 83.955605 0.006276 0.057620 0.258819 0.000000 0.965926 -0.965926 0.000000 0.258819 -0.000000 -1.000000 0.000000
25.939575 29.421936 83.955605 0.005870 0.059980 -0.050991 -0.997397 -0.050991 0.707108 -0.000000 -0.707106 -0.705265 0.072112 -0.705267
25.939575 29.421936 83.955605 0.193855 0.060244 -0.018664 -0.997397 -0.069655 0.965973 -0.000013 -0.258643 -0.257969 0.072112 -0.963458
25.939575 32.416420 83.955605 0.193231 0.004735 0.707107 0.000000 0.707107 -0.707107 0.000000 0.707107 -0.000000 -1.000000 0.000000
25.939575 32.416420 83.955605 0.006276 0.004735 0.258819 0.000000 0.965926 -0.965926 0.000000 0.258819 -0.000000 -1.000000 0.000000
25.939575 32.416420 83.955605 0.005870 0.059980 -0.050991 0.997397 -0.050991 0.707107 0.000000 -0.707107 -0.705266 -0.072112 -0.705266
25.939575 32.416420 83.955605 0.193855 0.060244 -0.018664 0.997397 -0.069655 0.965973 0.000013 -0.258644 -0.257970 -0.072112 -0.963458
33.786896 32.416420 76.108292 0.006125 0.004735 0.707107 0.000000 0.707107 -0.707107 0.000000 0.707107 -0.000000 -1.000000 0.000000
33.786896 32.416420 76.108292 0.193454 0.004735 0.965926 0.000000 0.258818 -0.258818 0.000000 0.965926 -0.000000 -1.000000 0.000000
33.786896 32.416420 76.108292 0.194003 0.059981 -0.050991 0.997397 -0.050991 0.707108 0.000000 -0.707106 -0.705265 -0.072112 -0.705267
33.786896 32.416420 76.108292 0.005797 0.060039 -0.069655 0.997397 -0.018664 0.259633 0.000061 -0.965707 -0.963192 -0.072112 -0.258961
15.219950 29.421936 86.827919 0.193382 0.057620 0.258819 0.000000 0.965926 -0.965926 0.000000 0.258819 -0.000000 -1.000000 0.000000
15.219950 29.421936 86.827919 0.005504 0.057679 -0.258819 0.000000 0.965926 -0.965926 0.000000 -0.258819 -0.000000 -1.000000 0.000000
15.219950 29.421936 86.827919 0.005722 0.060210 -0.018664 -0.997397 -0.069655 0.965973 -0.000013 -0.258644 -0.257970 0.072112 -0.963458
15.219950 29.421936 86.827919 0.194193 0.060327 0.018664 -0.997397 -0.069654 0.965945 0.000005 0.258747 0.258073 0.072112 -0.963430
15.219950 32.416420 86.827919 0.193382 0.004735 0.258819 0.000000 0.965926 -0.965926 0.000000 0.258819 -0.000000 -1.000000 0.000000
15.219950 32.416420 86.827919 0.005504 0.004757 -0.258819 0.000000 0.965926 -0.965926 0.000000 -0.258819 -0.000000 -1.000000 0.000000
15.219950 32.416420 86.827919 0.005722 0.060210 -0.018664 0.997397 -0.069655 0.965973 0.000013 -0.258643 -0.257969 -0.072112 -0.963458
15.219950 32.416420 86.827919 0.194193 0.060327 0.018664 0.997397 -0.069656 0.965945 -0.000005 0.258748 0.258074 -0.072113 -0.963430
4.500323 29.421936 83.955605 0.193285 0.057679 -0.258819 0.000000 0.965926 -0.965926 0.000000 -0.258819 -0.000000 -1.000000 0.000000
4.500323 29.421936 83.955605 0.006543 0.057620 -0.707107 0.000000 0.707107 -0.707107 0.000000 -0.707107 -0.000000 -1.000000 0.000000
4.500323 29.421936 83.955605 0.006060 0.060341 0.018664 -0.997397 -0.069654 0.965945 0.000005 0.258748 0.258074 0.072112 -0.963430
4.500323 29.421936 83.955605 0.194184 0.059671 0.050991 -0.997397 -0.050990 0.708414 0.000134 0.705797 0.703952 0.072111 -0.706577
4.500323 32.416420 83.955605 0.193285 0.004757 -0.258819 0.000000 0.965926 -0.965926 0.000000 -0.258819 -0.000000 -1.000000 0.000000
4.500323 32.416420 83.955605 0.006543 0.004735 -0.707107 0.000000 0.707107 -0.707107 0.000000 -0.707107 -0.000000 -1.000000 0.000000
4.500323 32.416420 83.955605 0.006060 0.060341 0.018664 0.997397 -0.069656 0.965945 -0.000005 0.258747 0.258073 -0.072113 -0.963430
4.500323 32.416420 83.955605 0.194323 0.059965 0.050991 0.997397 -0.050991 0.706204 0.000092 0.708009 0.706170 -0.072112 -0.704360
-3.346989 29.421936 76.108292 0.193648 0.057620 -0.707107 0.000000 0.707107 -0.707107 0.000000 -0.707107 -0.000000 -1.000000 0.000000
-3.346989 29.421936 76.108292 0.005848 0.057620 -0.965926 0.000000 0.258819 -0.258819 0.000000 -0.965926 -0.000000 -1.000000 0.000000
-3.346989 29.421936 76.108292 0.006051 0.060019 0.050991 -0.997397 -0.050990 0.708414 0.000134 0.705797 0.703952 0.072111 -0.706577
-3.346989 29.421936 76.108292 0.194084 0.059730 0.069655 -0.997397 -0.018664 0.258782 -0.000003 0.965936 0.963421 0.072112 -0.258108
23.219950 18.215536 79.245079 0.996315 0.234563 0.500000 0.000000 0.866026 -0.866026 0.000000 0.500000 -0.000000 -1.000000 0.000000
23.219950 18.215536 79.245079 0.536148 0.164821 -0.030336 -0.999079 -0.030336 0.707108 0.000000 -0.707105 -0.706454 0.042902 -0.706457
23.219950 18.215536 79.245079 0.648942 0.164760 -0.011104 -0.999079 -0.041440 0.965926 0.000000 -0.258820 -0.258582 0.042902 -0.965036
23.219950 18.215536 79.245079 0.523811 0.235483 0.500000 0.000000 0.866026 -0.866026 0.000000 0.500000 -0.000000 -1.000000 0.000000
-3.346989 32.416420 76.108292 0.193648 0.004735 -0.707107 0.000000 0.707107 -0.707107 0.000000 -0.707107 -0.000000 -1.000000 0.000000
-3.346989 32.416420 76.108292 0.005848 0.004735 -0.965926 0.000000 0.258819 -0.258819 0.000000 -0.965926 -0.000000 -1.000000 0.000000
-3.346989 32.416420 76.108292 0.006190 0.059725 0.050991 0.997397 -0.050991 0.706204 0.000092 0.708009 0.706170 -0.072112 -0.704360
-3.346989 32.416420 76.108292 0.194084 0.059730 0.069655 0.997397 -0.018664 0.258782 0.000003 0.965936 0.963421 -0.072112 -0.258108
-6.219303 29.421936 65.388664 0.192953 0.057620 -0.965926 0.000000 0.258819 -0.258819 0.000000 -0.965926 -0.000000 -1.000000 0.000000
-6.219303 29.421936 65.388664 0.006073 0.057620 -0.965926 0.000000 -0.258819 0.258819 0.000000 -0.965926 -0.000000 -1.000000 -0.000000
-6.219303 29.421936 65.388664 0.005951 0.059723 0.069655 -0.997397 -0.018664 0.258782 -0.000003 0.965936 0.963421 0.072112 -0.258108
-6.219303 29.421936 65.388664 0.194190 0.059816 0.069655 -0.997397 0.018664 -0.258324 0.000037 0.966058 0.963544 0.072112 0.257649
-6.219303 32.416420 65.388664 0.192953 0.004735 -0.965926 0.000000 0.258819 -0.258819 0.000000 -0.965926 -0.000000 -1.000000 0.000000
-6.219303 32.416420 65.388664 0.006073 0.004735 -0.965926 0.000000 -0.258819 0.258819 0.000000 -0.965926 -0.000000 -1.000000 -0.000000
-6.219303 32.416420 65.388664 0.005951 0.059723 0.069655 0.997397 -0.018664 0.258782 0.000003 0.965936 0.963421 -0.072112 -0.258108
-6.219303 32.416420 65.388664 0.194190 0.059816 0.069655 0.997397 0.018664 -0.258324 -0.000037 0.966058 0.963544 -0.072112 0.257649
-3.346989 29.421936 54.669041 0.193179 0.057620 -0.965926 0.000000 -0.258819 0.258819 0.000000 -0.965926 -0.000000 -1.000000 -0.000000
-3.346989 29.421936 54.669041 0.006299 0.057620 -0.707107 0.000000 -0.707106 0.707106 0.000000 -0.707107 -0.000000 -1.000000 -0.000000
-3.346989 29.421936 54.669041 0.006057 0.059912 0.069655 -0.997397 0.018664 -0.258324 0.000037 0.966058 0.963544 0.072112 0.257649
-3.346989 29.421936 54.669041 0.194122 0.059821 0.050991 -0.997397 0.050990 -0.707107 -0.000000 0.707106 0.705266 0.072112 0.705266
-3.346989 32.416420 54.669041 0.193179 0.004735 -0.965926 0.000000 -0.258819 0.258819 0.000000 -0.965926 -0.000000 -1.000000 -0.000000
-3.346989 32.416420 54.669041 0.006299 0.004735 -0.707107 0.000000 -0.707106 0.707106 0.000000 -0.707107 -0.000000 -1.000000 -0.000000
-3.346989 32.416420 54.669041 0.006057 0.059912 0.069655 0.997397 0.018664 -0.258324 -0.000037 0.966058 0.963544 -0.072112 0.257649
-3.346989 32.416420 54.669041 0.194122 0.059821 0.050991 0.997397 0.050991 -0.707107 0.000000 0.707107 0.705266 -0.072112 0.705266
4.500323 29.421936 46.821724 0.193404 0.057620 -0.707107 0.000000 -0.707106 0.707106 0.000000 -0.707107 -0.000000 -1.000000 -0.000000
4.500323 29.421936 46.821724 0.005669 0.057620 -0.258819 0.000000 -0.965926 0.965926 0.000000 -0.258819 -0.000000 -1.000000 -0.000000
4.500323 29.421936 46.821724 0.005988 0.059821 0.050991 -0.997397 0.050990 -0.707107 -0.000000 0.707107 0.705266 0.072112 0.705266
4.500323 29.421936 46.821724 0.193508 0.059770 0.018664 -0.997397 0.069654 -0.965561 0.000102 0.260178 0.259508 0.072111 0.963045
4.500323 32.416420 46.821724 0.193404 0.004735 -0.707107 0.000000 -0.707106 0.707106 0.000000 -0.707107 -0.000000 -1.000000 -0.000000
4.500323 32.416420 46.821724 0.005669 0.004735 -0.258819 0.000000 -0.965926 0.965926 0.000000 -0.258819 -0.000000 -1.000000 -0.000000
4.500323 32.416420 46.821724 0.005988 0.059821 0.050991 0.997397 0.050991 -0.707107 0.000000 0.707106 0.705266 -0.072112 0.705266
4.500323 32.416420 46.821724 0.193508 0.059770 0.018664 0.997396 0.069656 -0.965561 -0.000102 0.260177 0.259507 -0.072113 0.963045
15.219950 29.421936 43.949409 0.192775 0.057620 -0.258819 0.000000 -0.965926 0.965926 0.000000 -0.258819 -0.000000 -1.000000 -0.000000
15.219950 29.421936 43.949409 0.392516 0.058313 0.258819 0.000000 -0.965926 0.965926 0.000000 0.258819 0.000000 -1.000000 0.000000
15.219950 29.421936 43.949409 0.005374 0.060034 0.018664 -0.997397 0.069654 -0.965561 0.000102 0.260177 0.259507 0.072111 0.963045
15.219950 29.421936 43.949409 0.345189 0.231669 -0.018664 -0.997397 0.069654 0.965926 -0.000000 0.258820 0.258146 -0.072112 -0.963411
15.219950 32.416420 43.949409 0.192775 0.004735 -0.258819 0.000000 -0.965926 0.965926 0.000000 -0.258819 -0.000000 -1.000000 -0.000000
15.219950 32.416420 43.949409 0.392516 0.010404 0.258819 0.000000 -0.965926 0.965926 0.000000 0.258819 0.000000 -1.000000 0.000000
15.219950 32.416420 43.949409 0.005374 0.060034 0.018664 0.997396 0.069656 -0.965561 -0.000102 0.260178 0.259508 -0.072113 0.963045
15.219950 32.416420 43.949409 0.345189 0.231669 -0.018664 0.997397 0.069655 0.965926 0.000000 0.258819 0.258146 0.072112 -0.963411
25.939575 29.421936 46.821724 0.200972 0.057990 0.707106 0.000000 -0.707108 0.707108 0.000000 0.707106 0.000000 -1.000000 0.000000
25.939575 29.421936 46.821724 0.200737 0.060395 -0.050991 -0.997397 0.050990 0.707107 -0.000000 0.707106 -0.705265 0.072111 0.705266
25.939575 29.421936 46.821724 0.200867 0.060449 -0.018664 -0.997397 0.069655 -0.965894 -0.000009 -0.258936 -0.258263 0.072112 0.963380
25.939575 29.421936 46.821724 0.357623 0.057990 0.258819 0.000000 -0.965926 0.965926 0.000000 0.258819 0.000000 -1.000000 0.000000
15.219950 18.215536 81.388664 0.523051 0.235932 0.000000 0.000000 1.000000 -1.000000 0.000000 -0.000000 -0.000000 -1.000000 0.000000
15.219950 18.215536 81.388664 0.536031 0.164760 -0.011104 -0.999079 -0.041440 0.965926 0.000000 -0.258820 -0.258581 0.042902 -0.965036
15.219950 18.215536 81.388664 0.648918 0.164760 0.011104 -0.999079 -0.041440 0.965926 -0.000000 0.258820 0.258582 0.042901 -0.965036
15.219950 18.215536 81.388664 0.660002 0.235483 0.000000 0.000000 1.000000 -1.000000 0.000000 -0.000000 -0.000000 -1.000000 0.000000
25.939575 32.416420 46.821724 0.200972 0.004920 0.707106 0.000000 -0.707108 0.707108 0.000000 0.707106 0.000000 -1.000000 0.000000
25.939575 32.416420 46.821724 0.200737 0.060395 -0.050991 0.997397 0.050991 0.707107 -0.000000 0.707106 -0.705265 -0.072112 0.705266
25.939575 32.416420 46.821724 0.357623 0.004920 0.258819 0.000000 -0.965926 0.965926 0.000000 0.258819 0.000000 -1.000000 0.000000
25.939575 32.416420 46.821724 0.200867 0.060449 -0.018664 0.997397 0.069655 -0.965894 0.000009 -0.258936 -0.258263 -0.072112 0.963380
33.786896 29.421936 54.669041 0.006180 0.057620 0.965926 0.000000 -0.258818 0.258818 0.000000 0.965926 0.000000 -1.000000 0.000000
33.786896 29.421936 54.669041 0.193988 0.060189 -0.069655 -0.997397 0.018664 -0.259343 0.000039 -0.965785 -0.963270 0.072112 0.258671
33.786896 29.421936 54.669041 0.345356 0.231711 -0.050991 -0.997397 0.050992 -0.706530 -0.000060 -0.707683 0.705844 -0.072112 -0.704688
33.786896 29.421936 54.669041 0.407321 0.058313 0.707111 0.000000 -0.707103 0.707103 0.000000 0.707111 0.000000 -1.000000 0.000000
33.786896 32.416420 54.669041 0.006180 0.004735 0.965926 0.000000 -0.258818 0.258818 0.000000 0.965926 0.000000 -1.000000 0.000000
33.786896 32.416420 54.669041 0.193988 0.060189 -0.069655 0.997397 0.018664 -0.259343 -0.000039 -0.965785 -0.963270 -0.072112 0.258670
33.786896 32.416420 54.669041 0.407321 0.010404 0.707111 0.000000 -0.707103 0.707103 0.000000 0.707111 0.000000 -1.000000 0.000000
33.786896 32.416420 54.669041 0.345356 0.231711 -0.050991 0.997397 0.050991 -0.706530 0.000059 -0.707683 0.705844 0.072112 -0.704688
36.659203 29.421936 65.388664 0.193286 0.057620 0.965926 0.000000 -0.258818 0.258818 0.000000 0.965926 0.000000 -1.000000 0.000000
36.659203 29.421936 65.388664 0.006349 0.057620 0.965926 0.000000 0.258818 -0.258818 0.000000 0.965926 -0.000000 -1.000000 0.000000
36.659203 29.421936 65.388664 0.005855 0.060291 -0.069655 -0.997397 0.018664 -0.259343 0.000039 -0.965785 -0.963270 0.072112 0.258670
36.659203 29.421936 65.388664 0.193930 0.060198 -0.069655 -0.997397 -0.018664 0.259633 -0.000061 -0.965707 -0.963192 0.072112 -0.258961
36.659203 32.416420 65.388664 0.193286 0.004735 0.965926 0.000000 -0.258818 0.258818 0.000000 0.965926 0.000000 -1.000000 0.000000
36.659203 32.416420 65.388664 0.006349 0.004735 0.965926 0.000000 0.258818 -0.258818 0.000000 0.965926 -0.000000 -1.000000 0.000000
36.659203 32.416420 65.388664 0.005855 0.060291 -0.069655 0.997397 0.018664 -0.259343 -0.000039 -0.965785 -0.963270 -0.072112 0.258671
36.659203 32.416420 65.388664 0.193930 0.060198 -0.069655 0.997397 -0.018664 0.259632 0.000061 -0.965708 -0.963192 -0.072112 -0.258960
36.379120 17.865774 77.604919 0.506747 0.049640 0.707106 0.000000 0.707108 -0.707108 0.000000 0.707106 -0.000000 -1.000000 0.000000
36.379120 17.865774 77.604919 0.678813 0.053779 -0.030336 -0.999079 -0.030336 0.707108 0.000000 -0.707105 -0.706454 0.042902 -0.706457
36.379120 17.865774 77.604919 0.506313 0.053752 -0.041440 -0.999079 -0.011104 0.258819 -0.000000 -0.965926 -0.965036 0.042902 -0.258581
36.379120 17.865774 77.604919 0.679066 0.049640 0.965926 0.000000 0.258818 -0.258818 0.000000 0.965926 -0.000000 -1.000000 0.000000
27.436197 17.865774 86.547821 0.679170 0.049640 0.707106 0.000000 0.707108 -0.707108 0.000000 0.707106 -0.000000 -1.000000 0.000000
27.436197 17.865774 86.547821 0.506575 0.049640 0.258819 0.000000 0.965926 -0.965926 0.000000 0.258819 -0.000000 -1.000000 0.000000
27.436197 17.865774 86.547821 0.506395 0.053779 -0.030336 -0.999079 -0.030336 0.707108 0.000000 -0.707106 -0.706455 0.042902 -0.706457
27.436197 17.865774 86.547821 0.678696 0.053718 -0.011104 -0.999079 -0.041440 0.965926 0.000000 -0.258820 -0.258581 0.042902 -0.965036
27.436197 19.892591 86.547821 0.679170 0.005565 0.707106 0.000000 0.707108 -0.707108 0.000000 0.707106 -0.000000 -1.000000 0.000000
27.436197 19.892591 86.547821 0.506575 0.005565 0.258819 0.000000 0.965926 -0.965926 0.000000 0.258819 -0.000000 -1.000000 0.000000
27.436197 19.892591 86.547821 0.506395 0.053779 -0.029501 0.999129 -0.029501 0.707108 -0.000000 -0.707106 -0.706490 -0.041721 -0.706492
27.436197 19.892591 86.547821 0.678696 0.053718 -0.010798 0.999129 -0.040299 0.965926 0.000000 -0.258819 -0.258594 -0.041721 -0.965085
36.379120 19.892591 77.604919 0.506747 0.005565 0.707106 0.000000 0.707108 -0.707108 0.000000 0.707106 -0.000000 -1.000000 0.000000
36.379120 19.892591 77.604919 0.678813 0.053779 -0.029501 0.999129 -0.029501 0.707107 -0.000000 -0.707107 -0.706491 -0.041721 -0.706491
36.379120 19.892591 77.604919 0.506313 0.053752 -0.040299 0.999129 -0.010798 0.258819 0.000000 -0.965926 -0.965085 -0.041720 -0.258594
36.379120 19.892591 77.604919 0.679066 0.005565 0.965926 0.000000 0.258818 -0.258818 0.000000 0.965926 -0.000000 -1.000000 0.000000
15.219950 17.865774 89.821159 0.678997 0.049640 0.258819 0.000000 0.965926 -0.965926 0.000000 0.258819 -0.000000 -1.000000 0.000000
15.219950 17.865774 89.821159 0.506722 0.049640 -0.258819 0.000000 0.965926 -0.965926 0.000000 -0.258819 -0.000000 -1.000000 0.000000
15.219950 17.865774 89.821159 0.506278 0.053718 -0.011104 -0.999079 -0.041440 0.965926 0.000000 -0.258819 -0.258581 0.042902 -0.965036
15.219950 17.865774 89.821159 0.678671 0.053718 0.011104 -0.999079 -0.041440 0.965926 -0.000000 0.258820 0.258581 0.042901 -0.965036
7.219949 18.215536 79.245079 0.659241 0.235932 -0.500000 -0.000000 0.866025 -0.866025 0.000000 -0.500000 0.000000 -1.000000 -0.000000
7.219949 18.215536 79.245079 0.523633 0.235773 -0.500000 -0.000000 0.866025 -0.866025 -0.000000 -0.500000 0.000000 -1.000000 -0.000000
7.219949 18.215536 79.245079 0.536007 0.164760 0.011104 -0.999079 -0.041440 0.965926 -0.000000 0.258820 0.258581 0.042901 -0.965036
7.219949 18.215536 79.245079 0.648948 0.164832 0.030336 -0.999079 -0.030336 0.707108 0.000000 0.707105 0.706454 0.042902 -0.706457
15.219950 19.892591 89.821159 0.678997 0.005565 0.258819 0.000000 0.965926 -0.965926 0.000000 0.258819 -0.000000 -1.000000 0.000000
15.219950 19.892591 89.821159 0.506722 0.005565 -0.258819 0.000000 0.965926 -0.965926 0.000000 -0.258819 -0.000000 -1.000000 0.000000
15.219950 19.892591 89.821159 0.506278 0.053718 -0.010798 0.999129 -0.040299 0.965926 0.000000 -0.258819 -0.258594 -0.041721 -0.965085
15.219950 19.892591 89.821159 0.678671 0.053718 0.010798 0.999129 -0.040299 0.965926 -0.000000 0.258819 0.258594 -0.041720 -0.965085
3.003702 17.865774 86.547821 0.679145 0.049640 -0.258819 0.000000 0.965926 -0.965926 0.000000 -0.258819 -0.000000 -1.000000 0.000000
3.003702 17.865774 86.547821 0.506771 0.049640 -0.707107 0.000000 0.707107 -0.707107 0.000000 -0.707106 -0.000000 -1.000000 0.000000
3.003702 17.865774 86.547821 0.506253 0.053718 0.011104 -0.999079 -0.041440 0.965926 -0.000000 0.258819 0.258581 0.042901 -0.965036
3.003702 17.865774 86.547821 0.678701 0.053789 0.030336 -0.999079 -0.030336 0.707108 0.000000 0.707105 0.706454 0.042902 -0.706457
3.003702 19.892591 86.547821 0.679145 0.005565 -0.258819 0.000000 0.965926 -0.965926 0.000000 -0.258819 -0.000000 -1.000000 0.000000
3.003702 19.892591 86.547821 0.506771 0.005565 -0.707107 0.000000 0.707107 -0.707107 0.000000 -0.707106 -0.000000 -1.000000 0.000000
3.003702 19.892591 86.547821 0.506253 0.053718 0.010798 0.999129 -0.040299 0.965926 -0.000000 0.258819 0.258594 -0.041720 -0.965085
3.003702 19.892591 86.547821 0.678701 0.053789 0.029501 0.999129 -0.029501 0.707106 0.000000 0.707107 0.706491 -0.041721 -0.706491
-5.939203 17.865774 77.604919 0.679193 0.049640 -0.707107 0.000000 0.707107 -0.707107 0.000000 -0.707106 -0.000000 -1.000000 0.000000
-5.939203 17.865774 77.604919 0.506284 0.053790 0.030336 -0.999079 -0.030336 0.707108 0.000000 0.707105 0.706454 0.042902 -0.706457
-5.939203 17.865774 77.604919 0.678621 0.053903 0.041440 -0.999079 -0.011104 0.258817 -0.000000 0.965927 0.965037 0.042902 -0.258578
-5.939203 17.865774 77.604919 0.506789 0.049640 -0.965926 0.000000 0.258819 -0.258819 0.000000 -0.965926 -0.000000 -1.000000 0.000000
-5.939203 19.892591 77.604919 0.679193 0.005565 -0.707107 0.000000 0.707107 -0.707107 0.000000 -0.707106 -0.000000 -1.000000 0.000000
-5.939203 19.892591 77.604919 0.506789 0.005565 -0.965926 0.000000 0.258819 -0.258819 0.000000 -0.965926 -0.000000 -1.000000 0.000000
-5.939203 19.892591 77.604919 0.506284 0.053790 0.029501 0.999129 -0.029501 0.707108 -0.000000 0.707105 0.706490 -0.041721 -0.706493
-5.939203 19.892591 77.604919 0.678621 0.053903 0.040299 0.999129 -0.010798 0.258824 -0.000000 0.965925 0.965084 -0.041721 -0.258598
-9.212545 17.865774 65.388664 0.506203 0.053903 0.041440 -0.999079 -0.011104 0.258818 -0.000000 0.965926 0.965037 0.042902 -0.258580
-9.212545 17.865774 65.388664 0.678940 0.054189 0.041440 -0.999079 0.011104 -0.258817 0.000000 0.965927 0.965037 0.042902 0.258578
-9.212545 17.865774 65.388664 0.679211 0.049640 -0.965926 0.000000 0.258819 -0.258819 0.000000 -0.965926 -0.000000 -1.000000 0.000000
-9.212545 17.865774 65.388664 0.506438 0.049640 -0.965926 0.000000 -0.258820 0.258820 0.000000 -0.965926 -0.000000 -1.000000 -0.000000
-9.212545 19.892591 65.388664 0.679211 0.005565 -0.965926 0.000000 0.258819 -0.258819 0.000000 -0.965926 -0.000000 -1.000000 0.000000
-9.212545 19.892591 65.388664 0.506438 0.005565 -0.965926 0.000000 -0.258820 0.258820 0.000000 -0.965926 -0.000000 -1.000000 -0.000000
-9.212545 19.892591 65.388664 0.506203 0.053903 0.040299 0.999129 -0.010798 0.258818 0.000000 0.965926 0.965085 -0.041721 -0.258593
-9.212545 19.892591 65.388664 0.678940 0.054189 0.040299 0.999129 0.010798 -0.258823 0.000000 0.965925 0.965084 -0.041720 0.258598
-5.939203 17.865774 53.172417 0.506522 0.054189 0.041440 -0.999079 0.011104 -0.258818 0.000000 0.965926 0.965037 0.042902 0.258580
-5.939203 17.865774 53.172417 0.678738 0.054147 0.030336 -0.999079 0.030336 -0.707109 -0.000000 0.707105 0.706454 0.042902 0.706458
-5.939203 17.865774 53.172417 0.678861 0.049640 -0.965926 0.000000 -0.258820 0.258820 0.000000 -0.965926 -0.000000 -1.000000 -0.000000
-5.939203 17.865774 53.172417 0.506534 0.049640 -0.707107 0.000000 -0.707107 0.707107 0.000000 -0.707107 -0.000000 -1.000000 -0.000000
-5.939203 19.892591 53.172417 0.678861 0.005565 -0.965926 0.000000 -0.258820 0.258820 0.000000 -0.965926 -0.000000 -1.000000 -0.000000
-5.939203 19.892591 53.172417 0.506534 0.005565 -0.707107 0.000000 -0.707107 0.707107 0.000000 -0.707107 -0.000000 -1.000000 -0.000000
-5.939203 19.892591 53.172417 0.506522 0.054189 0.040299 0.999129 0.010798 -0.258818 0.000000 0.965926 0.965085 -0.041720 0.258593
-5.939203 19.892591 53.172417 0.678738 0.054147 0.029501 0.999129 0.029501 -0.707107 -0.000000 0.707107 0.706491 -0.041721 0.706491
3.003702 17.865774 44.229511 0.506321 0.054147 0.030336 -0.999079 0.030336 -0.707109 -0.000000 0.707105 0.706454 0.042902 0.706458
3.003702 17.865774 44.229511 0.678561 0.054015 0.011104 -0.999079 0.041440 -0.965926 0.000000 0.258820 0.258581 0.042902 0.965036
3.003702 17.865774 44.229511 0.678957 0.049640 -0.707107 0.000000 -0.707107 0.707107 0.000000 -0.707107 -0.000000 -1.000000 -0.000000
3.003702 17.865774 44.229511 0.506472 0.049640 -0.258820 0.000000 -0.965926 0.965926 0.000000 -0.258820 -0.000000 -1.000000 -0.000000
1.363543 18.215536 73.388664 0.659822 0.235773 -0.866025 -0.000000 0.500000 -0.500000 0.000000 -0.866025 0.000000 -1.000000 -0.000000
1.363543 18.215536 73.388664 0.523677 0.235391 -0.866025 -0.000000 0.500000 -0.500000 -0.000000 -0.866025 0.000000 -1.000000 -0.000000
1.363543 18.215536 73.388664 0.536037 0.164832 0.030336 -0.999079 -0.030336 0.707108 0.000000 0.707105 0.706454 0.042902 -0.706457
1.363543 18.215536 73.388664 0.648867 0.164946 0.041440 -0.999079 -0.011104 0.258815 -0.000000 0.965927 0.965037 0.042902 -0.258577
3.003702 19.892591 44.229511 0.678957 0.005565 -0.707107 0.000000 -0.707107 0.707107 0.000000 -0.707107 -0.000000 -1.000000 -0.000000
3.003702 19.892591 44.229511 0.506472 0.005565 -0.258820 0.000000 -0.965926 0.965926 0.000000 -0.258820 -0.000000 -1.000000 -0.000000
3.003702 19.892591 44.229511 0.506321 0.054147 0.029501 0.999129 0.029501 -0.707109 0.000000 0.707105 0.706489 -0.041721 0.706493
3.003702 19.892591 44.229511 0.678561 0.054015 0.010798 0.999129 0.040299 -0.965926 -0.000000 0.258820 0.258595 -0.041720 0.965085
15.219950 17.865774 40.956169 0.506143 0.054015 0.011104 -0.999079 0.041440 -0.965926 0.000000 0.258820 0.258581 0.042902 0.965036
15.219950 17.865774 40.956169 0.820506 0.229529 -0.011104 -0.999079 0.041440 0.965924 -0.000000 0.258825 0.258587 -0.042902 -0.965035
15.219950 17.865774 40.956169 0.678895 0.049640 -0.258820 0.000000 -0.965926 0.965926 0.000000 -0.258820 -0.000000 -1.000000 -0.000000
15.219950 17.865774 40.956169 0.867392 0.045652 0.258821 0.000000 -0.965925 0.965925 -0.000001 0.258821 -0.000001 -1.000000 -0.000000
15.219950 19.892591 40.956169 0.678895 0.005565 -0.258820 0.000000 -0.965926 0.965926 0.000000 -0.258820 -0.000000 -1.000000 -0.000000
15.219950 19.892591 40.956169 0.867392 0.004148 0.258821 0.000000 -0.965925 0.965925 -0.000000 0.258821 -0.000000 -1.000000 -0.000000
15.219950 19.892591 40.956169 0.506143 0.054015 0.010798 0.999129 0.040299 -0.965926 -0.000000 0.258820 0.258594 -0.041720 0.965085
15.219950 19.892591 40.956169 0.820506 0.229529 -0.010798 0.999129 0.040299 0.965924 -0.000000 0.258825 0.258600 0.041721 -0.965083
27.436197 17.865774 44.229511 0.831610 0.054877 -0.030336 -0.999079 0.030336 -0.707109 0.000000 -0.707104 -0.706453 0.042901 0.706458
27.436197 17.865774 44.229511 0.831454 0.054889 -0.011104 -0.999079 0.041440 0.965926 0.000000 0.258819 -0.258581 0.042902 0.965036
27.436197 17.865774 44.229511 0.757671 0.049202 0.258820 0.000000 -0.965926 0.965926 -0.000000 0.258820 -0.000000 -1.000000 -0.000000
27.436197 17.865774 44.229511 0.757671 0.049202 0.707106 0.000000 -0.707107 0.707108 0.000000 0.707106 0.000000 -1.000000 0.000000
27.436197 19.892591 44.229511 0.757671 0.005215 0.258820 0.000000 -0.965926 0.965926 -0.000000 0.258820 -0.000000 -1.000000 -0.000000
