VertexCount: 16
TriangleCount: 6
Vertices
-584.435608 -3.405774 584.435791 0.500000 1.000000 0.000000 -1.000000 -0.000000 0.707107 -0.000000 0.707107 -0.707107 -0.000000 0.707107
-584.435608 -3.405774 584.435791 0.750000 0.500000 0.000000 0.348346 0.937366 -1.000000 0.000000 0.000000 0.000000 -0.937366 0.348346
-584.435608 -3.405774 584.435791 0.250000 0.500000 -0.937366 0.348346 0.000000 -0.000000 0.000000 -1.000000 -0.348346 -0.937366 0.000000
-584.435730 -3.405774 -584.435669 0.250000 0.750000 0.000000 -1.000000 -0.000000 0.707107 -0.000000 0.707107 -0.707107 -0.000000 0.707107
-584.435730 -3.405774 -584.435669 0.375000 0.500000 -0.937366 0.348346 0.000000 -0.000000 0.000000 -1.000000 -0.348346 -0.937366 0.000000
-584.435730 -3.405774 -584.435669 0.375000 0.500000 -0.000000 0.348346 -0.937366 1.000000 0.000000 -0.000000 -0.000000 -0.937366 -0.348346
584.435669 -3.405774 -584.435730 0.500000 0.500000 0.937366 0.348346 -0.000000 0.000000 -0.000000 1.000000 0.348346 -0.937366 -0.000000
584.435669 -3.405774 -584.435730 0.500000 0.500000 0.000000 -1.000000 -0.000000 0.707107 -0.000000 0.707107 -0.707107 -0.000000 0.707107
584.435669 -3.405774 -584.435730 0.500000 0.500000 -0.000000 0.348346 -0.937366 1.000000 0.000000 -0.000000 -0.000000 -0.937366 -0.348346
584.435730 -3.405774 584.435730 0.625000 0.500000 0.937366 0.348346 -0.000000 0.000000 -0.000000 1.000000 0.348346 -0.937366 -0.000000
584.435730 -3.405774 584.435730 0.625000 0.500000 0.000000 0.348346 0.937366 -1.000000 0.000000 0.000000 0.000000 -0.937366 0.348346
584.435730 -3.405774 584.435730 0.750000 0.750000 0.000000 -1.000000 -0.000000 0.707107 -0.000000 0.707107 -0.707107 -0.000000 0.707107
0.000000 1569.255005 -0.000000 0.500000 0.000000 0.937366 0.348346 -0.000000 0.000000 -0.000000 1.000000 0.348346 -0.937366 -0.000000
0.000000 1569.255005 -0.000000 0.500000 0.000000 0.000000 0.348346 0.937366 -1.000000 0.000000 0.000000 0.000000 -0.937366 0.348346
0.000000 1569.255005 -0.000000 0.500000 0.000000 -0.937366 0.348346 0.000000 -0.000000 0.000000 -1.000000 -0.348346 -0.937366 0.000000
0.000000 1569.255005 -0.000000 0.500000 0.000000 -0.000000 0.348346 -0.937366 1.000000 0.000000 -0.000000 -0.000000 -0.937366 -0.348346
Indices
3
11 0 7
11 3 14
4 2 15
8 5 12
9 6 13
1 10