VertexCount: 62
TriangleCount: 60
Vertices
753.686951 -44.453339 160.200989 1.066698 1.000000 0.978148 0.000000 0.207909 -0.207909 0.000000 0.978148 -0.000000 -1.000000 0.000000
-515.581482 -44.453339 572.611267 -0.266635 1.000000 -0.669131 0.000000 0.743145 -0.743145 0.000000 -0.669131 -0.000000 -1.000000 0.000000
-623.367249 -44.453339 452.902954 -0.199968 1.000000 -0.809017 0.000000 0.587785 -0.587785 0.000000 -0.809017 -0.000000 -1.000000 0.000000
-703.909058 -44.453339 313.400604 -0.133301 1.000000 -0.913545 0.000000 0.406737 -0.406737 0.000000 -0.913545 -0.000000 -1.000000 0.000000
-753.686523 -44.453339 160.201111 -0.066635 1.000000 -0.978148 0.000000 0.207912 -0.207912 0.000000 -0.978148 -0.000000 -1.000000 0.000000
-770.524353 -44.453339 0.000069 0.000032 1.000000 -1.000000 0.000000 -0.000000 0.000000 0.000000 -1.000000 -0.000000 -1.000000 -0.000000
-753.686523 -44.453339 -160.200958 0.066699 1.000000 -0.978148 0.000000 -0.207912 0.207912 0.000000 -0.978148 -0.000000 -1.000000 -0.000000
-703.908997 -44.453339 -313.400391 0.133365 1.000000 -0.913545 0.000000 -0.406737 0.406737 0.000000 -0.913545 -0.000000 -1.000000 -0.000000
-623.367249 -44.453339 -452.902740 0.200032 1.000000 -0.809017 0.000000 -0.587785 0.587785 0.000000 -0.809017 -0.000000 -1.000000 -0.000000
-515.581482 -44.453339 -572.611084 0.266699 1.000000 -0.669131 0.000000 -0.743145 0.743145 0.000000 -0.669131 -0.000000 -1.000000 -0.000000
-385.262177 -44.453339 -667.293579 0.333365 1.000000 -0.500000 0.000000 -0.866026 0.866026 0.000000 -0.500000 -0.000000 -1.000000 -0.000000
703.909424 -44.453339 313.400482 1.133365 1.000000 0.913545 0.000000 0.406737 -0.406737 0.000000 0.913545 -0.000000 -1.000000 0.000000
-238.105118 -44.453339 -732.812012 0.400032 1.000000 -0.309017 0.000000 -0.951057 0.951057 0.000000 -0.309017 -0.000000 -1.000000 -0.000000
-80.541756 -44.453339 -766.303162 0.466699 1.000000 -0.104529 0.000000 -0.994522 0.994522 0.000000 -0.104529 -0.000000 -1.000000 -0.000000
80.541664 -44.453339 -766.303162 0.533365 1.000000 0.104529 0.000000 -0.994522 0.994522 0.000000 0.104529 0.000000 -1.000000 0.000000
238.105011 -44.453339 -732.812012 0.600032 1.000000 0.309017 0.000000 -0.951056 0.951056 0.000000 0.309017 0.000000 -1.000000 0.000000
385.262024 -44.453339 -667.293396 0.666699 1.000000 0.500000 0.000000 -0.866025 0.866025 0.000000 0.500000 0.000000 -1.000000 0.000000
515.581299 -44.453339 -572.611023 0.733365 1.000000 0.669131 0.000000 -0.743145 0.743145 0.000000 0.669131 0.000000 -1.000000 0.000000
623.367065 -44.453339 -452.902679 0.800032 1.000000 0.809017 0.000000 -0.587785 0.587785 0.000000 0.809017 0.000000 -1.000000 0.000000
703.908691 -44.453339 -313.400360 0.866699 1.000000 0.913546 0.000000 -0.406736 0.406736 0.000000 0.913546 0.000000 -1.000000 0.000000
753.686157 -44.453339 -160.200958 0.933365 1.000000 0.978148 0.000000 -0.207912 0.207911 0.000000 0.978148 0.000000 -1.000000 0.000000
770.523926 -44.453339 -0.000000 1.000032 1.000000 1.000000 0.000000 -0.000002 0.000002 0.000000 1.000000 0.000000 -1.000000 0.000000
623.367615 -44.453339 452.902893 1.200032 1.000000 0.809017 0.000000 0.587785 -0.587785 0.000000 0.809017 -0.000000 -1.000000 0.000000
753.686951 271.835388 160.200989 1.066698 0.005382 0.978148 0.000000 0.207909 -0.207909 0.000000 0.978148 -0.000000 -1.000000 0.000000
703.909424 271.835388 313.400482 1.133365 0.005382 0.913545 0.000000 0.406737 -0.406737 0.000000 0.913545 -0.000000 -1.000000 0.000000
623.367615 271.835388 452.902893 1.200032 0.005382 0.809017 0.000000 0.587785 -0.587785 0.000000 0.809017 -0.000000 -1.000000 0.000000
515.581726 271.835388 572.611267 1.266698 0.005382 0.669131 0.000000 0.743145 -0.743145 0.000000 0.669131 -0.000000 -1.000000 0.000000
385.262451 271.835388 667.293884 1.333365 0.005382 0.500000 0.000000 0.866025 -0.866025 0.000000 0.500000 -0.000000 -1.000000 0.000000
238.105331 271.835388 732.812378 1.400032 0.005382 0.309017 0.000000 0.951057 -0.951057 0.000000 0.309017 -0.000000 -1.000000 0.000000
80.541885 271.835388 766.303528 1.466698 0.005382 0.104529 0.000000 0.994522 -0.994522 0.000000 0.104529 -0.000000 -1.000000 0.000000
-80.541618 271.835388 766.303528 -0.466635 0.005382 -0.104529 0.000000 0.994522 -0.994522 0.000000 -0.104529 -0.000000 -1.000000 0.000000
-80.541618 271.835388 766.303528 1.533365 0.005382 -0.104529 0.000000 0.994522 -0.994522 0.000000 -0.104529 -0.000000 -1.000000 0.000000
-238.105057 271.835388 732.812378 -0.399968 0.005382 -0.309017 0.000000 0.951057 -0.951057 0.000000 -0.309017 -0.000000 -1.000000 0.000000
-385.262177 271.835388 667.293884 -0.333302 0.005382 -0.500000 0.000000 0.866025 -0.866025 0.000000 -0.500000 -0.000000 -1.000000 0.000000
515.581726 -44.453339 572.611267 1.266698 1.000000 0.669131 0.000000 0.743145 -0.743145 0.000000 0.669131 -0.000000 -1.000000 0.000000
-515.581482 271.835388 572.611267 -0.266635 0.005382 -0.669131 0.000000 0.743145 -0.743145 0.000000 -0.669131 -0.000000 -1.000000 0.000000
-623.367249 271.835388 452.902954 -0.199968 0.005382 -0.809017 0.000000 0.587785 -0.587785 0.000000 -0.809017 -0.000000 -1.000000 0.000000
-703.909058 271.835388 313.400604 -0.133301 0.005382 -0.913545 0.000000 0.406737 -0.406737 0.000000 -0.913545 -0.000000 -1.000000 0.000000
-753.686523 271.835388 160.201111 -0.066635 0.005382 -0.978148 0.000000 0.207912 -0.207912 0.000000 -0.978148 -0.000000 -1.000000 0.000000
-770.524353 271.835388 0.000069 0.000032 0.005382 -1.000000 0.000000 -0.000000 0.000000 0.000000 -1.000000 -0.000000 -1.000000 -0.000000
-753.686523 271.835388 -160.200958 0.066699 0.005382 -0.978148 0.000000 -0.207912 0.207912 0.000000 -0.978148 -0.000000 -1.000000 -0.000000
-703.908997 271.835388 -313.400391 0.133365 0.005382 -0.913545 0.000000 -0.406737 0.406737 0.000000 -0.913545 -0.000000 -1.000000 -0.000000
-623.367249 271.835388 -452.902740 0.200032 0.005382 -0.809017 0.000000 -0.587785 0.587785 0.000000 -0.809017 -0.000000 -1.000000 -0.000000
-515.581482 271.835388 -572.611084 0.266699 0.005382 -0.669131 0.000000 -0.743145 0.743145 0.000000 -0.669131 -0.000000 -1.000000 -0.000000
-385.262177 271.835388 -667.293579 0.333365 0.005382 -0.500000 0.000000 -0.866026 0.866026 0.000000 -0.500000 -0.000000 -1.000000 -0.000000
385.262451 -44.453339 667.293884 1.333365 1.000000 0.500000 0.000000 0.866025 -0.866025 0.000000 0.500000 -0.000000 -1.000000 0.000000
-238.105118 271.835388 -732.812012 0.400032 0.005382 -0.309017 0.000000 -0.951057 0.951057 0.000000 -0.309017 -0.000000 -1.000000 -0.000000
-80.541756 271.835388 -766.303162 0.466699 0.005382 -0.104529 0.000000 -0.994522 0.994522 0.000000 -0.104529 -0.000000 -1.000000 -0.000000
80.541664 271.835388 -766.303162 0.533365 0.005382 0.104529 0.000000 -0.994522 0.994522 0.000000 0.104529 0.000000 -1.000000 0.000000
238.105011 271.835388 -732.812012 0.600032 0.005382 0.309017 0.000000 -0.951056 0.951056 0.000000 0.309017 0.000000 -1.000000 0.000000
385.262024 271.835388 -667.293396 0.666699 0.005382 0.500000 0.000000 -0.866025 0.866025 0.000000 0.500000 0.000000 -1.000000 0.000000
515.581299 271.835388 -572.611023 0.733365 0.005382 0.669131 0.000000 -0.743145 0.743145 0.000000 0.669131 0.000000 -1.000000 0.000000
623.367065 271.835388 -452.902679 0.800032 0.005382 0.809017 0.000000 -0.587785 0.587785 0.000000 0.809017 0.000000 -1.000000 0.000000
703.908691 271.835388 -313.400360 0.866699 0.005382 0.913546 0.000000 -0.406736 0.406736 0.000000 0.913546 0.000000 -1.000000 0.000000
753.686157 271.835388 -160.200958 0.933365 0.005382 0.978148 0.000000 -0.207912 0.207912 0.000000 0.978148 0.000000 -1.000000 0.000000
770.523926 271.835388 -0.000000 1.000032 0.005382 1.000000 0.000000 -0.000002 0.000002 0.000000 1.000000 0.000000 -1.000000 0.000000
238.105331 -44.453339 732.812378 1.400032 1.000000 0.309017 0.000000 0.951057 -0.951057 0.000000 0.309017 -0.000000 -1.000000 0.000000
80.541885 -44.453339 766.303528 1.466698 1.000000 0.104529 0.000000 0.994522 -0.994522 0.000000 0.104529 -0.000000 -1.000000 0.000000
-80.541618 -44.453339 766.303528 -0.466635 1.000000 -0.104529 0.000000 0.994522 -0.994522 0.000000 -0.104529 -0.000000 -1.000000 0.000000
-80.541618 -44.453339 766.303528 1.533365 1.000000 -0.104529 0.000000 0.994522 -0.994522 0.000000 -0.104529 -0.000000 -1.000000 0.000000
-238.105057 -44.453339 732.812378 -0.399968 1.000000 -0.309017 0.000000 0.951057 -0.951057 0.000000 -0.309017 -0.000000 -1.000000 0.000000
-385.262177 -44.453339 667.293884 -0.333302 1.000000 -0.500000 0.000000 0.866025 -0.866025 0.000000 -0.500000 -0.000000 -1.000000 0.000000
Indices
23
11 0 24
11 23 24
22 11 25
22 24 25
34 22 26
34 25 26
45 34 27
45 26 27
56 45 28
56 27 28
57 56 29
57 28 29
59 57 31
59 29 30
60 58 32
60 30 32
61 60 33
61 32 33
1 61 35
1 33 35
2 1 36
2 35 36
3 2 37
3 36 37
4 3 38
4 37 38
5 4 39
5 38 39
6 5 40
6 39 40
7 6 41
7 40 41
8 7 42
8 41 42
9 8 43
9 42 43
10 9 44
10 43 44
12 10 46
12 44 46
13 12 47
13 46 47
14 13 48
14 47 48
15 14 49
15 48 49
16 15 50
16 49 50
17 16 51
17 50 51
18 17 52
18 51 52
19 18 53
19 52 53
20 19 54
20 53 54
21 20 55
21 54 55
0 21 23
0 55