VertexCount: 71
TriangleCount: 64
Vertices
-34.545349 1.508291 113.944939 0.441299 0.535040 -0.757275 -0.012737 0.652971 -0.653025 0.000009 -0.757337 0.009640 -0.999919 -0.008325
-34.545349 1.508291 113.944939 0.441299 0.535040 0.000000 -1.000000 -0.000000 0.000000 0.000000 -0.000000 -0.000000 -0.000000 0.000000
-34.545349 1.508291 113.944939 0.441299 0.535040 0.845675 0.000000 0.533699 -0.533699 -0.000000 0.845675 0.000000 -1.000000 0.000000
-17.330553 19.472578 82.403252 0.523224 0.419794 -0.091896 0.986412 -0.136184 0.942949 0.042253 -0.330244 -0.320003 -0.158763 -0.934020
-20.877125 17.361925 76.075768 0.516742 0.433334 -0.146211 0.968807 -0.200091 0.847003 0.018102 -0.531279 -0.511085 -0.247156 -0.823229
-20.877125 17.361925 76.075768 0.516742 0.433334 -0.588172 0.168091 -0.791075 0.802494 0.000010 -0.596660 -0.100285 -0.985771 -0.134898
5.304759 19.910458 77.739655 0.586926 0.416985 -0.033669 0.996992 -0.069804 -0.791098 0.016097 0.611478 -0.610762 -0.075809 -0.788177
5.304759 19.910458 77.739655 0.586926 0.416985 0.868986 0.000000 -0.494837 0.494837 -0.000000 0.868986 0.000000 -1.000000 -0.000000
5.304759 19.910458 77.739655 0.586926 0.416985 0.488938 0.000000 0.872319 -0.872319 -0.000000 0.488938 0.000000 -1.000000 -0.000000
1.841263 18.690811 71.657387 0.565573 0.424809 -0.065877 0.987935 -0.140162 0.805090 0.135609 0.577443 -0.589483 0.074803 0.804310
1.841263 18.690811 71.657387 0.565573 0.424809 0.870657 0.000000 -0.491890 0.491890 -0.000000 0.870657 0.000000 -1.000000 -0.000000
-1.705313 17.361925 65.329910 0.555635 0.433334 -0.097685 0.972880 -0.209670 0.874140 -0.016836 -0.485382 -0.475749 -0.230696 -0.848789
-1.705313 17.361925 65.329910 0.555635 0.433334 0.872319 0.000001 -0.488938 0.488938 -0.000000 0.872319 0.000000 -1.000000 -0.000001
-1.705313 17.361925 65.329910 0.555635 0.433334 -0.481867 0.169447 -0.859705 0.872319 0.000000 -0.488937 -0.082849 -0.985539 -0.147812
5.304759 9.435108 77.739655 0.586926 0.484187 0.868986 0.000000 -0.494836 0.494836 -0.000000 0.868986 0.000000 -1.000000 -0.000000
5.304759 9.435108 77.739655 0.586926 0.484187 0.488938 0.000000 0.872319 -0.872319 -0.000000 0.488938 0.000000 -1.000000 -0.000000
1.841267 9.435108 71.657387 0.565573 0.484187 0.870657 0.000000 -0.491890 0.491890 -0.000000 0.870657 0.000000 -1.000000 -0.000000
-2.371676 9.435108 64.141037 0.553097 0.484187 0.872319 0.000000 -0.488938 0.488938 0.000000 0.872319 0.000000 -1.000000 -0.000000
-2.371676 9.435108 64.141037 0.553097 0.484187 -0.487167 0.085032 -0.869160 0.872319 0.000000 -0.488937 -0.041575 -0.996378 -0.074175
5.304759 1.508291 77.739655 0.586926 0.535040 0.868986 0.000000 -0.494836 0.494836 0.000000 0.868986 0.000000 -1.000000 0.000000
5.304759 1.508291 77.739655 0.586926 0.535040 0.000000 -1.000000 -0.000000 0.000000 0.000000 -0.000000 -0.000000 -0.000000 0.000000
5.304759 1.508291 77.739655 0.586926 0.535040 0.488938 0.000000 0.872319 -0.872319 0.000000 0.488938 -0.000000 -1.000000 0.000000
1.841267 1.508291 71.657387 0.565573 0.535040 0.870657 0.000000 -0.491890 0.491890 0.000000 0.870657 0.000000 -1.000000 0.000000
1.841267 1.508291 71.657387 0.565573 0.535040 0.000000 -1.000000 -0.000000 0.000000 0.000000 -0.000000 -0.000000 -0.000000 0.000000
-39.157295 1.508291 108.441673 0.459363 0.535040 -0.824454 -0.008014 0.565873 -0.565889 -0.000333 -0.824482 0.006796 -0.999968 -0.004261
-39.157295 1.508291 108.441673 0.459363 0.535040 0.000000 -1.000000 -0.000000 0.000000 0.000000 -0.000000 -0.000000 -0.000000 0.000000
-2.371676 1.508291 64.141037 0.553097 0.535040 0.872319 0.000000 -0.488938 0.488938 0.000000 0.872319 0.000000 -1.000000 0.000000
-2.371676 1.508291 64.141037 0.553097 0.535040 0.000000 -1.000000 -0.000000 0.000000 0.000000 -0.000000 -0.000000 -0.000000 0.000000
-2.371676 1.508291 64.141037 0.553097 0.535040 -0.488937 -0.000000 -0.872319 0.872319 -0.000000 -0.488937 0.000000 -1.000000 0.000000
-13.867062 1.508291 88.485519 0.626492 0.535040 0.000000 -1.000000 -0.000000 0.000000 0.000000 -0.000000 -0.000000 -0.000000 0.000000
-13.867062 1.508291 88.485519 0.390380 0.535040 0.600378 0.000000 0.799716 -0.799716 0.000000 0.600378 -0.000000 -1.000000 0.000000
-13.867062 1.508291 88.485519 0.626492 0.535040 0.600378 0.000000 0.799716 -0.799716 0.000000 0.600378 -0.000000 -1.000000 0.000000
-17.330549 1.508291 82.403244 0.523224 0.535040 0.000000 -1.000000 -0.000000 0.000000 0.000000 -0.000000 -0.000000 -0.000000 0.000000
-21.543488 1.508291 74.886894 0.516141 0.535040 0.000000 -1.000000 -0.000000 0.000000 0.000000 -0.000000 -0.000000 -0.000000 0.000000
-21.543488 1.508291 74.886894 0.516141 0.535040 -0.596613 -0.000000 -0.802529 0.802529 0.000000 -0.596613 0.000000 -1.000000 0.000000
-21.543491 9.435108 74.886894 0.516141 0.484187 -0.594511 0.084356 -0.799651 0.802511 0.000003 -0.596637 -0.050328 -0.996436 -0.067698
-13.867062 9.435108 88.485519 0.390380 0.484187 0.600378 0.000000 0.799716 -0.799716 -0.000000 0.600378 0.000000 -1.000000 0.000000
-13.867062 9.435108 88.485519 0.626492 0.484187 0.600378 0.000000 0.799716 -0.799716 0.000000 0.600378 0.000000 -1.000000 0.000000
-30.531284 19.137577 94.944145 0.700024 0.421943 -0.065633 0.985131 -0.158773 0.321838 0.171512 0.931130 -0.944517 -0.010013 0.328310
-30.531284 19.137577 94.944145 0.463913 0.421943 -0.065633 0.985131 -0.158773 0.316233 -0.130379 -0.939680 -0.946409 -0.111883 -0.302974
-26.022982 20.440969 100.440788 0.432414 0.420653 -0.042680 0.990948 -0.127280 -0.125043 0.121096 0.984733 0.991233 0.057943 0.118743
-26.022982 20.440969 100.440788 0.668525 0.420653 -0.042680 0.990948 -0.127280 -0.711267 0.059329 0.700414 -0.701625 -0.120423 -0.702296
-26.022982 20.440969 100.440788 0.432414 0.420653 0.778613 -0.000000 0.627505 -0.626225 0.063821 0.777026 -0.040048 -0.997961 0.049692
-26.022980 9.435108 100.440788 0.432414 0.484187 0.778613 0.000000 0.627505 -0.627468 0.010829 0.778567 -0.006795 -0.999941 0.008432
-26.022980 1.508291 100.440788 0.432414 0.535040 0.000000 -1.000000 -0.000000 0.000000 0.000000 -0.000000 -0.000000 -0.000000 0.000000
-26.022980 1.508291 100.440788 0.432414 0.535040 0.778613 0.000000 0.627505 -0.627505 0.000000 0.778613 0.000000 -1.000000 0.000000
-43.778996 1.508291 99.860985 0.474234 0.535040 0.000000 -1.000000 -0.000000 0.000000 0.000000 -0.000000 -0.000000 -0.000000 0.000000
-43.778996 1.508291 99.860985 0.474234 0.535040 -0.800106 0.000000 -0.599858 0.599858 0.000000 -0.800106 -0.000000 -1.000000 -0.000000
-43.778996 1.508291 99.860985 0.474234 0.535040 -0.881639 -0.003194 0.471915 -0.471917 0.000008 -0.881643 0.002812 -0.999995 -0.001515
-30.531282 1.508291 94.944145 0.463913 0.535040 0.000000 -1.000000 -0.000000 0.000000 0.000000 -0.000000 -0.000000 -0.000000 0.000000
-34.249763 1.508291 87.150650 0.485604 0.535040 0.000000 -1.000000 -0.000000 0.000000 0.000000 -0.000000 -0.000000 -0.000000 0.000000
-34.249763 1.508291 87.150650 0.485604 0.535040 -0.749678 -0.000000 -0.661803 0.661803 0.000000 -0.749678 0.000000 -1.000000 0.000000
-34.249763 9.435108 87.150650 0.485604 0.484187 -0.746071 0.076058 -0.661509 0.663490 0.001049 -0.748185 -0.056211 -0.997103 -0.051246
-33.583401 17.361925 88.339531 0.482443 0.433334 -0.088581 0.977750 -0.190152 0.664535 -0.084196 -0.742499 -0.741989 -0.192134 -0.642291
-33.583401 17.361925 88.339531 0.482443 0.433334 -0.738141 0.151649 -0.657381 0.655376 -0.070040 -0.752048 -0.160090 -0.985950 -0.047688
-34.545353 9.435108 113.944939 0.441299 0.484187 -0.757556 -0.002324 0.652766 -0.652706 0.016732 -0.757427 -0.009162 -0.999857 -0.014192
-34.545353 9.435108 113.944939 0.441299 0.484187 0.845675 0.000000 0.533699 -0.533231 0.041883 0.844932 -0.022353 -0.999123 0.035419
-38.872253 9.435108 109.081497 0.458256 0.484187 -0.828384 0.004171 0.560145 -0.560120 0.005884 -0.828391 -0.006751 -0.999974 -0.002538
-43.778996 9.435108 99.860985 0.474234 0.484187 -0.795479 0.069362 -0.601998 0.599925 -0.049952 -0.798495 -0.085456 -0.996340 -0.001876
-43.778996 9.435108 99.860985 0.474234 0.484187 -0.887922 0.010610 0.459871 -0.459898 -0.000136 -0.887972 -0.009359 -0.999944 0.005001
-34.545357 22.459820 113.944946 0.441299 0.420653 0.845675 -0.000000 0.533699 -0.529484 0.125429 0.838996 -0.066941 -0.992103 0.106072
-34.545357 22.459820 113.944946 0.441299 0.420653 -0.757754 0.008090 0.652490 -0.651379 0.050246 -0.757087 -0.038909 -0.998704 -0.032804
-34.545357 22.459820 113.944946 0.441299 0.420653 -0.044955 0.982406 -0.181268 -0.529718 0.130400 0.838090 -0.846981 -0.133697 -0.514536
-39.157295 21.316225 108.441673 0.459363 0.427990 -0.013370 0.982688 -0.184783 -0.127652 0.181610 0.975050 0.991729 0.036625 0.123014
-39.157295 21.316225 108.441673 0.459363 0.427990 -0.832157 0.016375 0.554298 -0.553772 0.028030 -0.832196 -0.029164 -0.999473 -0.014258
-42.724445 20.483192 100.787018 0.471548 0.433334 0.018228 0.981979 -0.188111 0.399428 -0.179629 -0.898994 -0.916583 -0.058750 -0.395504
-42.724445 20.483192 100.787018 0.471548 0.433334 -0.787005 0.138388 -0.601226 0.573094 -0.196863 -0.795493 -0.228446 -0.970615 0.075623
-42.724445 20.483192 100.787018 0.471548 0.433334 -0.893873 0.024411 0.447655 -0.447339 0.017468 -0.894194 -0.029648 -0.999549 -0.004695
-13.867062 19.338552 88.485519 0.626492 0.420653 -0.036973 0.996765 -0.071358 -0.431839 0.048459 0.900648 -0.901193 -0.064115 -0.428650
-13.867062 19.338552 88.485519 0.390380 0.420653 0.600378 0.000000 0.799716 -0.799292 0.032566 0.600060 -0.026043 -0.999470 0.019552
-13.867062 19.338552 88.485519 0.626492 0.420653 0.600378 0.000000 0.799716 -0.799716 -0.000000 0.600378 0.000000 -1.000000 -0.000000
Indices
0
57 24 55
57 0 24
59 48 57
59 24 55
64 57 61
64 55 57
67 59 64
67 57 40
63 62 39
63 40 39
65 63 53
65 39 68
9 3 6
9 68 9
4 3 11
4 9 14
10 7 16
10 14 16
12 10 17
12 16 19
16 14 22
16 19 22
17 16 26
17 22 29
23 20 32
23 29 32
27 23 33
27 32 44
25 49 1
25 44 49
46 50 25
46 49 35
28 34 18
28 35 58
51 47 52
51 58 5
18 35 13
18 5 58
54 52 66
54 58 15
31 21 37
31 15 43
2 45 56
2 43 15
70 37 8
70 15 42
56 43 60
56 42 68
38 41 3
38 68 69
43 36 42
43 69 36
45 30 43
45 36 29
49 32 44
49 29 32
50 33 49
50 32 35
51 52 34
51 35 5
52 54 35
52 5 3
53 39 4
53 3