VertexCount: 254
TriangleCount: 420
Vertices
0.671983 -3.460619 0.299186 0.000000 0.933333 0.189847 -0.978168 0.084526 -0.580124 -0.042303 0.813429 -0.792095 -0.203463 -0.575490
0.671983 -3.460619 0.299186 1.000000 0.933333 0.189847 -0.978168 0.084526 -0.216317 0.042304 0.975406 -0.957687 -0.203463 -0.203563
-0.367789 -0.369814 -3.499275 0.666667 0.533333 -0.103955 -0.104577 -0.989069 0.994522 -0.000000 -0.104529 0.010931 -0.994517 0.104004
1.087292 -0.369814 -3.346340 0.733333 0.533333 0.307322 -0.104577 -0.945842 0.951057 -0.000000 0.309017 -0.032316 -0.994517 0.099459
2.354370 -0.369814 -2.614793 0.800000 0.533333 0.665461 -0.104577 -0.739070 0.743145 -0.000000 0.669131 -0.069976 -0.994517 0.077716
3.214356 -0.369814 -1.431123 0.866667 0.533333 0.908536 -0.104577 -0.404507 0.406737 0.000000 0.913545 -0.095536 -0.994517 0.042535
3.518551 -0.369814 -0.000000 0.933333 0.533333 0.994517 -0.104577 0.000000 -0.000000 0.000000 1.000000 -0.104577 -0.994517 -0.000000
3.214355 0.369814 1.431122 0.000000 0.466667 0.908536 0.104578 0.404506 -0.408759 0.022101 0.912375 0.086474 -0.994271 0.062827
3.214355 0.369814 1.431122 1.000000 0.466667 0.908536 0.104578 0.404506 -0.404513 -0.022101 0.914265 0.104552 -0.994271 0.022223
2.354370 0.369814 2.614792 0.066667 0.466667 0.665462 0.104577 0.739070 -0.743145 -0.000000 0.669131 0.069976 -0.994517 0.077716
1.087292 0.369814 3.346339 0.133333 0.466667 0.307323 0.104577 0.945842 -0.951056 0.000000 0.309017 0.032316 -0.994517 0.099459
-0.367788 0.369814 3.499275 0.200000 0.466667 -0.103955 0.104577 0.989069 -0.994522 -0.000000 -0.104528 -0.010931 -0.994517 0.104004
-1.759274 0.369814 3.047154 0.266667 0.466667 -0.497258 0.104577 0.861277 -0.866025 -0.000000 -0.500000 -0.052289 -0.994517 0.090567
-0.076889 -3.460619 -0.731548 0.666667 0.933333 -0.021722 -0.978168 -0.206676 0.989415 0.008634 -0.144856 0.143478 -0.207635 0.967627
-2.846566 0.369814 2.068152 0.333333 0.466667 -0.804581 0.104577 0.584562 -0.587785 0.000000 -0.809017 -0.084605 -0.994517 0.061469
-3.441661 0.369814 0.731548 0.400000 0.466667 -0.972784 0.104577 0.206772 -0.207912 -0.000000 -0.978148 -0.102292 -0.994517 0.021743
-3.441661 0.369814 -0.731547 0.466667 0.466667 -0.972784 0.104577 -0.206772 0.207912 -0.000000 -0.978148 -0.102292 -0.994517 -0.021743
-2.846567 0.369814 -2.068152 0.533333 0.466667 -0.804581 0.104577 -0.584562 0.587785 -0.000000 -0.809017 -0.084605 -0.994517 -0.061469
-1.759275 0.369814 -3.047154 0.600000 0.466667 -0.497258 0.104577 -0.861277 0.866025 -0.000000 -0.500000 -0.052289 -0.994517 -0.090567
-0.367789 0.369814 -3.499275 0.666667 0.466667 -0.103955 0.104577 -0.989069 0.994522 0.000000 -0.104529 -0.010931 -0.994517 -0.104004
1.087292 0.369814 -3.346340 0.733333 0.466667 0.307323 0.104577 -0.945842 0.951057 -0.000000 0.309017 0.032316 -0.994517 -0.099459
2.354370 0.369814 -2.614793 0.800000 0.466667 0.665461 0.104577 -0.739070 0.743145 0.000000 0.669130 0.069976 -0.994517 -0.077716
3.214356 0.369814 -1.431123 0.866667 0.466667 0.908536 0.104577 -0.404506 0.406737 0.000000 0.913545 0.095536 -0.994517 -0.042535
3.518551 0.369814 -0.000000 0.933333 0.466667 0.994517 0.104577 0.000000 -0.000000 -0.000000 1.000000 0.104577 -0.994517 0.000000
0.227306 -3.460619 -0.699576 0.733333 0.933333 0.064218 -0.978168 -0.197643 0.962794 0.008634 0.270099 -0.262496 -0.207635 0.942329
3.073873 1.093281 1.368575 0.000000 0.400000 0.868794 0.309150 0.386812 -0.424380 0.062358 0.903334 0.255145 -0.948967 0.185373
3.073873 1.093281 1.368575 1.000000 0.400000 0.868794 0.309150 0.386812 -0.387343 -0.062358 0.919824 0.308484 -0.948967 0.065571
2.251473 1.093281 2.500513 0.066667 0.400000 0.636352 0.309150 0.706740 -0.743145 -0.000000 0.669131 0.206862 -0.951013 0.229743
1.039772 1.093281 3.200088 0.133333 0.400000 0.293880 0.309149 0.904468 -0.951056 -0.000000 0.309017 0.095533 -0.951014 0.294019
-0.351714 1.093281 3.346340 0.200000 0.400000 -0.099408 0.309149 0.945804 -0.994522 0.000000 -0.104528 -0.032315 -0.951014 0.307456
-1.682386 1.093281 2.913979 0.266667 0.400000 -0.475507 0.309149 0.823602 -0.866026 0.000000 -0.500000 -0.154575 -0.951014 0.267731
-2.722158 1.093281 1.977764 0.333333 0.400000 -0.769386 0.309149 0.558992 -0.587785 0.000000 -0.809017 -0.250107 -0.951014 0.181714
-3.291244 1.093281 0.699576 0.400000 0.400000 -0.930232 0.309149 0.197727 -0.207912 -0.000000 -0.978148 -0.302394 -0.951014 0.064276
-3.291245 1.093281 -0.699575 0.466667 0.400000 -0.930232 0.309149 -0.197727 0.207912 0.000000 -0.978148 -0.302394 -0.951013 -0.064276
-2.722158 1.093281 -1.977764 0.533333 0.400000 -0.769386 0.309150 -0.558992 0.587785 -0.000000 -0.809017 -0.250107 -0.951013 -0.181714
-1.682387 1.093281 -2.913978 0.600000 0.400000 -0.475507 0.309150 -0.823602 0.866025 -0.000000 -0.500000 -0.154575 -0.951014 -0.267731
0.492197 -3.460619 -0.546641 0.800000 0.933333 0.139055 -0.978168 -0.154436 0.769697 0.008634 0.638351 -0.623082 -0.207635 0.754094
-0.351715 1.093281 -3.346340 0.666667 0.400000 -0.099408 0.309150 -0.945804 0.994522 0.000000 -0.104529 -0.032315 -0.951013 -0.307456
1.039772 1.093281 -3.200089 0.733333 0.400000 0.293879 0.309149 -0.904468 0.951057 -0.000000 0.309017 0.095532 -0.951014 -0.294019
2.251472 1.093281 -2.500514 0.800000 0.400000 0.636352 0.309149 -0.706741 0.743145 0.000000 0.669131 0.206861 -0.951014 -0.229743
3.073873 1.093281 -1.368577 0.866667 0.400000 0.868794 0.309149 -0.386812 0.406737 0.000000 0.913545 0.282422 -0.951014 -0.125742
3.364773 1.093281 -0.000000 0.933333 0.400000 0.951013 0.309150 0.000000 -0.000000 0.000000 1.000000 0.309150 -0.951013 0.000000
2.799047 1.768966 1.246215 0.000000 0.333333 0.791059 0.500179 0.352202 -0.452765 0.091546 0.886918 0.411375 -0.861069 0.298881
2.799047 1.768966 1.246215 1.000000 0.333333 0.791059 0.500179 0.352202 -0.356150 -0.091546 0.929934 0.497376 -0.861069 0.105721
2.050175 1.768966 2.276949 0.066667 0.333333 0.579415 0.500179 0.643505 -0.743145 0.000000 0.669131 0.334685 -0.865922 0.371705
0.946810 1.768966 2.913978 0.133333 0.333333 0.267585 0.500179 0.823541 -0.951056 -0.000000 0.309017 0.154564 -0.865922 0.475698
-0.320268 1.768966 3.047154 0.200000 0.333333 -0.090513 0.500179 0.861178 -0.994522 0.000000 -0.104528 -0.052283 -0.865922 0.497439
-1.531969 1.768966 2.653449 0.266667 0.333333 -0.432961 0.500179 0.749911 -0.866025 0.000000 -0.500000 -0.250089 -0.865922 0.433168
0.671983 -3.460619 -0.299186 0.866667 0.933333 0.189847 -0.978168 -0.084526 0.443512 0.008634 0.896227 -0.875931 -0.207634 0.435469
-2.478778 1.768966 1.800938 0.333333 0.333333 -0.700546 0.500179 0.508976 -0.587785 -0.000000 -0.809017 -0.404653 -0.865922 0.293998
-2.996984 1.768966 0.637029 0.400000 0.333333 -0.847000 0.500179 0.180035 -0.207912 -0.000000 -0.978148 -0.489249 -0.865922 0.103993
-2.996984 1.768966 -0.637028 0.466667 0.333333 -0.847000 0.500179 -0.180035 0.207912 0.000000 -0.978148 -0.489249 -0.865922 -0.103993
-2.478778 1.768966 -1.800938 0.533333 0.333333 -0.700546 0.500179 -0.508976 0.587785 -0.000000 -0.809017 -0.404653 -0.865922 -0.293998
-1.531969 1.768966 -2.653449 0.600000 0.333333 -0.432961 0.500179 -0.749910 0.866025 -0.000000 -0.500000 -0.250090 -0.865922 -0.433168
-0.320269 1.768966 -3.047154 0.666667 0.333333 -0.090514 0.500179 -0.861178 0.994522 0.000000 -0.104529 -0.052283 -0.865922 -0.497439
0.946809 1.768966 -2.913979 0.733333 0.333333 0.267585 0.500179 -0.823541 0.951057 -0.000000 0.309017 0.154564 -0.865922 -0.475699
2.050175 1.768966 -2.276950 0.800000 0.333333 0.579415 0.500179 -0.643505 0.743145 -0.000000 0.669131 0.334685 -0.865922 -0.371706
2.799047 1.768966 -1.246216 0.866667 0.333333 0.791059 0.500179 -0.352202 0.406737 0.000000 0.913545 0.456936 -0.865922 -0.203441
3.063939 1.768966 -0.000000 0.933333 0.333333 0.865922 0.500179 0.000000 -0.000000 0.000000 1.000000 0.500179 -0.865922 0.000000
0.735577 -3.460619 -0.000000 0.933333 0.933333 0.207814 -0.978168 0.000000 0.040640 0.008634 0.999137 -0.977324 -0.207634 0.041547
2.401889 2.367338 1.069389 0.000000 0.266667 0.678750 0.669308 0.302199 -0.488802 0.104647 0.866095 0.548061 -0.735578 0.398189
2.401889 2.367338 1.069389 1.000000 0.266667 0.678750 0.669308 0.302199 -0.316562 -0.104647 0.942782 0.662636 -0.735578 0.140848
1.759275 2.367338 1.953872 0.066667 0.266667 0.497154 0.669308 0.552145 -0.743145 -0.000000 0.669131 0.447855 -0.742985 0.497393
0.812467 2.367338 2.500513 0.133333 0.266667 0.229595 0.669308 0.706620 -0.951056 0.000000 0.309017 0.206828 -0.742985 0.636550
-0.274825 2.367338 2.614792 0.200000 0.266667 -0.077663 0.669309 0.738914 -0.994522 0.000000 -0.104528 -0.069962 -0.742985 0.665642
-1.314597 2.367338 2.276950 0.266667 0.266667 -0.371492 0.669309 0.643444 -0.866026 0.000000 -0.500000 -0.334654 -0.742985 0.579638
-2.127064 2.367338 1.545403 0.333333 0.266667 -0.601087 0.669309 0.436716 -0.587785 -0.000000 -0.809017 -0.541482 -0.742985 0.393410
-2.571741 2.367338 0.546641 0.400000 0.266667 -0.726749 0.669309 0.154475 -0.207912 0.000000 -0.978148 -0.654683 -0.742985 0.139157
-2.571741 2.367338 -0.546640 0.466667 0.266667 -0.726749 0.669309 -0.154475 0.207912 0.000000 -0.978148 -0.654683 -0.742985 -0.139157
-2.127064 2.367338 -1.545402 0.533333 0.266667 -0.601087 0.669309 -0.436715 0.587785 0.000000 -0.809017 -0.541482 -0.742985 -0.393410
-1.314598 2.367338 -2.276950 0.600000 0.266667 -0.371492 0.669309 -0.643444 0.866025 -0.000000 -0.500000 -0.334654 -0.742985 -0.579638
1.314598 -3.232061 0.585296 0.000000 0.866667 0.371421 -0.913619 0.165367 -0.558387 -0.077506 0.825952 -0.741789 -0.399114 -0.538941
1.314598 -3.232061 0.585296 1.000000 0.866667 0.371421 -0.913619 0.165367 -0.240168 0.077506 0.967632 -0.896865 -0.399114 -0.190635
-0.274826 2.367338 -2.614792 0.666667 0.266667 -0.077663 0.669309 -0.738914 0.994522 0.000000 -0.104529 -0.069962 -0.742985 -0.665642
0.812466 2.367338 -2.500514 0.733333 0.266667 0.229595 0.669309 -0.706620 0.951057 -0.000000 0.309017 0.206828 -0.742985 -0.636550
1.759275 2.367338 -1.953873 0.800000 0.266667 0.497154 0.669309 -0.552145 0.743145 -0.000000 0.669131 0.447855 -0.742985 -0.497393
2.401890 2.367338 -1.069390 0.866667 0.266667 0.678750 0.669309 -0.302199 0.406737 -0.000000 0.913545 0.611444 -0.742985 -0.272232
2.629196 2.367338 -0.000000 0.933333 0.266667 0.742985 0.669308 0.000000 -0.000000 -0.000000 1.000000 0.669309 -0.742985 0.000000
1.899758 2.862247 0.845826 0.000000 0.200000 0.536798 0.809153 0.238998 -0.526146 0.099599 0.844541 0.659559 -0.579096 0.479197
1.899758 2.862247 0.845826 1.000000 0.200000 0.536798 0.809153 0.238998 -0.275556 -0.099599 0.956111 0.797444 -0.579096 0.169502
1.391487 2.862247 1.545402 0.066667 0.200000 0.393180 0.809153 0.436671 -0.743145 -0.000000 0.669131 0.541429 -0.587598 0.601318
0.642615 2.862247 1.977763 0.133333 0.200000 0.181578 0.809153 0.558839 -0.951056 -0.000000 0.309017 0.250042 -0.587598 0.769550
-0.217371 2.862247 2.068152 0.200000 0.200000 -0.061421 0.809153 0.584379 -0.994522 0.000000 -0.104528 -0.084579 -0.587598 0.804720
-1.039771 2.862247 1.800938 0.266667 0.200000 -0.293799 0.809153 0.508875 -0.866025 -0.000000 -0.500000 -0.404576 -0.587598 0.700747
0.962883 -3.232061 1.069390 0.066667 0.866667 0.272049 -0.913619 0.302141 -0.743145 0.000000 0.669131 -0.611331 -0.406570 -0.678951
-1.682386 2.862247 1.222325 0.333333 0.200000 -0.475377 0.809153 0.345382 -0.587785 -0.000000 -0.809017 -0.654618 -0.587598 0.475608
-2.034101 2.862247 0.432362 0.400000 0.200000 -0.574758 0.809153 0.122169 -0.207912 0.000000 -0.978148 -0.791471 -0.587598 0.168232
-2.034101 2.862247 -0.432361 0.466667 0.200000 -0.574758 0.809153 -0.122168 0.207912 0.000000 -0.978148 -0.791471 -0.587598 -0.168232
-1.682386 2.862247 -1.222325 0.533333 0.200000 -0.475377 0.809153 -0.345381 0.587785 0.000000 -0.809017 -0.654618 -0.587598 -0.475608
-1.039772 2.862247 -1.800938 0.600000 0.200000 -0.293799 0.809153 -0.508875 0.866025 0.000000 -0.500000 -0.404576 -0.587598 -0.700747
-0.217372 2.862247 -2.068152 0.666667 0.200000 -0.061421 0.809153 -0.584379 0.994522 0.000000 -0.104529 -0.084580 -0.587598 -0.804720
0.642614 2.862247 -1.977764 0.733333 0.200000 0.181578 0.809153 -0.558839 0.951056 -0.000000 0.309017 0.250042 -0.587598 -0.769550
1.391486 2.862247 -1.545402 0.800000 0.200000 0.393180 0.809153 -0.436671 0.743145 -0.000000 0.669131 0.541429 -0.587598 -0.601318
1.899758 2.862247 -0.845827 0.866667 0.200000 0.536798 0.809153 -0.238998 0.406737 -0.000000 0.913545 0.739198 -0.587598 -0.329112
2.079544 2.862247 -0.000000 0.933333 0.200000 0.587598 0.809153 0.000000 -0.000000 -0.000000 1.000000 0.809153 -0.587598 0.000000
0.444678 -3.232061 1.368576 0.133333 0.866667 0.125637 -0.913619 0.386671 -0.951056 -0.000000 0.309017 -0.282324 -0.406570 -0.868904
1.314598 3.232061 0.585296 0.000000 0.133333 0.371421 0.913619 0.165367 -0.558387 0.077506 0.825952 0.741789 -0.399114 0.538941
1.314598 3.232061 0.585296 1.000000 0.133333 0.371421 0.913619 0.165367 -0.240168 -0.077506 0.967632 0.896865 -0.399114 0.190635
0.962883 3.232061 1.069390 0.066667 0.133333 0.272049 0.913619 0.302140 -0.743145 0.000000 0.669131 0.611331 -0.406570 0.678951
0.444678 3.232061 1.368576 0.133333 0.133333 0.125637 0.913619 0.386671 -0.951056 0.000000 0.309017 0.282324 -0.406570 0.868904
-0.150417 3.232061 1.431123 0.200000 0.133333 -0.042498 0.913619 0.404343 -0.994522 0.000000 -0.104528 -0.095499 -0.406570 0.908615
-0.719503 3.232061 1.246216 0.266667 0.133333 -0.203285 0.913619 0.352100 -0.866026 -0.000000 -0.500000 -0.456810 -0.406570 0.791218
-1.164180 3.232061 0.845827 0.333333 0.133333 -0.328922 0.913619 0.238976 -0.587785 0.000000 -0.809017 -0.739134 -0.406571 0.537012
-1.407560 3.232061 0.299186 0.400000 0.133333 -0.397686 0.913619 0.084531 -0.207912 -0.000000 -0.978148 -0.893655 -0.406570 0.189952
-1.407561 3.232061 -0.299186 0.466667 0.133333 -0.397686 0.913619 -0.084531 0.207912 -0.000000 -0.978148 -0.893655 -0.406570 -0.189952
-1.164181 3.232061 -0.845827 0.533333 0.133333 -0.328922 0.913620 -0.238976 0.587785 0.000000 -0.809017 -0.739134 -0.406570 -0.537012
-0.719503 3.232061 -1.246216 0.600000 0.133333 -0.203285 0.913620 -0.352100 0.866025 0.000000 -0.500000 -0.456810 -0.406570 -0.791218
-0.150417 -3.232061 1.431123 0.200000 0.866667 -0.042498 -0.913619 0.404343 -0.994522 0.000000 -0.104528 0.095499 -0.406570 -0.908615
-0.150417 3.232061 -1.431123 0.666667 0.133333 -0.042498 0.913619 -0.404343 0.994522 -0.000000 -0.104529 -0.095499 -0.406570 -0.908615
0.444677 3.232061 -1.368576 0.733333 0.133333 0.125637 0.913619 -0.386672 0.951057 -0.000000 0.309017 0.282324 -0.406571 -0.868904
0.962883 3.232061 -1.069390 0.800000 0.133333 0.272049 0.913620 -0.302141 0.743145 -0.000000 0.669131 0.611331 -0.406570 -0.678952
1.314598 3.232061 -0.585297 0.866667 0.133333 0.371421 0.913619 -0.165367 0.406737 -0.000000 0.913545 0.834633 -0.406570 -0.371603
1.439006 3.232061 -0.000000 0.933333 0.133333 0.406570 0.913619 0.000000 -0.000000 0.000000 1.000000 0.913619 -0.406570 0.000000
0.671983 3.460619 0.299186 0.000000 0.066667 0.189847 0.978168 0.084526 -0.580124 0.042303 0.813429 0.792095 -0.203463 0.575490
0.671983 3.460619 0.299186 1.000000 0.066667 0.189847 0.978168 0.084526 -0.216317 -0.042303 0.975406 0.957687 -0.203463 0.203563
0.492197 3.460619 0.546640 0.066667 0.066667 0.139055 0.978168 0.154436 -0.769697 0.008634 0.638352 0.623082 -0.207634 0.754093
0.227306 3.460619 0.699575 0.133333 0.066667 0.064218 0.978168 0.197643 -0.962794 0.008634 0.270099 0.262496 -0.207635 0.942329
-0.076889 3.460619 0.731548 0.200000 0.066667 -0.021722 0.978168 0.206675 -0.989415 0.008634 -0.144856 -0.143478 -0.207634 0.967627
-0.367789 3.460619 0.637029 0.266667 0.066667 -0.103907 0.978168 0.179972 -0.844958 0.008634 -0.534764 -0.524643 -0.207635 0.825614
-0.719503 -3.232061 1.246216 0.266667 0.866667 -0.203285 -0.913619 0.352100 -0.866025 0.000000 -0.500000 0.456810 -0.406570 -0.791218
0.492197 -3.460619 0.546640 0.066667 0.933333 0.139055 -0.978168 0.154436 -0.715309 0.008634 0.698755 -0.684833 -0.207635 -0.698492
-0.595094 3.460619 0.432362 0.333333 0.066667 -0.168125 0.978168 0.122150 -0.554399 0.008634 -0.832206 -0.815092 -0.207635 0.540844
-0.719503 3.460619 0.152935 0.400000 0.066667 -0.203273 0.978168 0.043207 -0.167980 0.008634 -0.985753 -0.964605 -0.207634 0.162558
-0.719503 3.460619 -0.152935 0.466667 0.066667 -0.203273 0.978168 -0.043207 0.247484 0.008634 -0.968853 -0.947329 -0.207634 -0.243836
-0.595095 3.460619 -0.432361 0.533333 0.066667 -0.168125 0.978168 -0.122150 0.620156 0.008634 -0.784431 -0.766251 -0.207634 -0.608069
-0.367789 3.460619 -0.637029 0.600000 0.066667 -0.103907 0.978168 -0.179972 0.885598 0.008634 -0.464373 -0.452681 -0.207635 -0.867161
-0.076889 3.460619 -0.731548 0.666667 0.066667 -0.021722 0.978168 -0.206676 0.997911 0.008634 -0.064021 -0.060839 -0.207635 -0.976313
0.227306 3.460619 -0.699576 0.733333 0.066667 0.064218 0.978168 -0.197643 0.937677 0.008634 0.347401 0.341523 -0.207635 -0.916651
0.492197 3.460619 -0.546641 0.800000 0.066667 0.139055 0.978168 -0.154436 0.715310 0.008634 0.698754 0.684833 -0.207634 -0.698493
0.671983 3.460619 -0.299186 0.866667 0.066667 0.189847 0.978168 -0.084525 0.369259 0.008634 0.929287 0.909728 -0.207634 -0.359558
0.735577 3.460619 -0.000000 0.933333 0.066667 0.207814 0.978168 0.000000 -0.040641 0.008634 0.999137 0.977324 -0.207634 0.041548
-1.164180 -3.232061 0.845827 0.333333 0.866667 -0.328922 -0.913619 0.238976 -0.587785 -0.000000 -0.809017 0.739134 -0.406571 -0.537012
0.000000 -3.537932 -0.000000 0.033333 1.000000 -0.000000 -1.000000 0.000000 -0.587785 0.000000 0.809017 -0.809017 -0.000000 -0.587785
0.000000 -3.537932 -0.000000 0.100000 1.000000 -0.000000 -1.000000 0.000000 -0.866025 0.000000 0.500000 -0.500000 -0.000000 -0.866025
0.000000 -3.537932 -0.000000 0.166667 1.000000 -0.000000 -1.000000 0.000000 -0.994522 0.000000 0.104529 -0.104529 -0.000000 -0.994522
0.000000 -3.537932 -0.000000 0.233333 1.000000 -0.000000 -1.000000 0.000000 -0.951057 -0.000000 -0.309017 0.309017 -0.000000 -0.951057
0.000000 -3.537932 -0.000000 0.300000 1.000000 -0.000000 -1.000000 0.000000 -0.743145 -0.000000 -0.669131 0.669131 -0.000000 -0.743145
0.000000 -3.537932 -0.000000 0.366667 1.000000 -0.000000 -1.000000 0.000000 -0.406737 -0.000000 -0.913545 0.913545 -0.000000 -0.406737
0.000000 -3.537932 -0.000000 0.433333 1.000000 -0.000000 -1.000000 0.000000 -0.000000 -0.000000 -1.000000 1.000000 -0.000000 -0.000000
0.000000 -3.537932 -0.000000 0.500000 1.000000 -0.000000 -1.000000 0.000000 0.406736 -0.000000 -0.913546 0.913546 0.000000 0.406736
0.000000 -3.537932 -0.000000 0.566667 1.000000 -0.000000 -1.000000 0.000000 0.743145 -0.000000 -0.669131 0.669131 0.000000 0.743145
0.000000 -3.537932 -0.000000 0.633333 1.000000 -0.000000 -1.000000 0.000000 0.951056 -0.000000 -0.309017 0.309017 0.000000 0.951056
0.000000 -3.537932 -0.000000 0.700000 1.000000 -0.000000 -1.000000 0.000000 0.994522 0.000000 0.104528 -0.104528 0.000000 0.994522
0.000000 -3.537932 -0.000000 0.766667 1.000000 -0.000000 -1.000000 0.000000 0.866025 0.000000 0.500000 -0.500000 0.000000 0.866025
0.000000 -3.537932 -0.000000 0.833333 1.000000 -0.000000 -1.000000 0.000000 0.587785 0.000000 0.809017 -0.809017 0.000000 0.587785
0.000000 -3.537932 -0.000000 0.900000 1.000000 -0.000000 -1.000000 0.000000 0.207912 0.000000 0.978148 -0.978148 0.000000 0.207912
0.000000 -3.537932 -0.000000 0.966667 1.000000 -0.000000 -1.000000 0.000000 -0.207912 0.000000 0.978148 -0.978148 -0.000000 -0.207912
0.000000 3.537932 -0.000000 0.033333 0.000000 -0.000000 1.000000 0.000000 -0.587785 -0.000000 0.809017 0.809017 -0.000000 0.587785
0.000000 3.537932 -0.000000 0.100000 0.000000 -0.000000 1.000000 0.000000 -0.866025 -0.000000 0.500000 0.500000 -0.000000 0.866025
0.000000 3.537932 -0.000000 0.166667 0.000000 -0.000000 1.000000 0.000000 -0.994522 -0.000000 0.104529 0.104529 -0.000000 0.994522
0.000000 3.537932 -0.000000 0.233333 0.000000 -0.000000 1.000000 0.000000 -0.951057 0.000000 -0.309017 -0.309017 -0.000000 0.951057
0.000000 3.537932 -0.000000 0.300000 0.000000 -0.000000 1.000000 0.000000 -0.743145 0.000000 -0.669131 -0.669131 -0.000000 0.743145
0.000000 3.537932 -0.000000 0.366667 0.000000 -0.000000 1.000000 0.000000 -0.406737 0.000000 -0.913545 -0.913545 -0.000000 0.406737
0.000000 3.537932 -0.000000 0.433333 0.000000 -0.000000 1.000000 0.000000 -0.000000 0.000000 -1.000000 -1.000000 -0.000000 0.000000
0.000000 3.537932 -0.000000 0.500000 0.000000 -0.000000 1.000000 0.000000 0.406737 0.000000 -0.913546 -0.913546 0.000000 -0.406736
0.000000 3.537932 -0.000000 0.566667 0.000000 -0.000000 1.000000 0.000000 0.743145 0.000000 -0.669131 -0.669131 0.000000 -0.743145
0.000000 3.537932 -0.000000 0.633333 0.000000 -0.000000 1.000000 0.000000 0.951056 0.000000 -0.309017 -0.309017 0.000000 -0.951057
0.000000 3.537932 -0.000000 0.700000 0.000000 -0.000000 1.000000 0.000000 0.994522 -0.000000 0.104528 0.104528 0.000000 -0.994522
0.000000 3.537932 -0.000000 0.766667 0.000000 -0.000000 1.000000 0.000000 0.866025 -0.000000 0.500000 0.500000 0.000000 -0.866025
0.000000 3.537932 -0.000000 0.833333 0.000000 -0.000000 1.000000 0.000000 0.587785 -0.000000 0.809017 0.809017 0.000000 -0.587785
0.000000 3.537932 -0.000000 0.900000 0.000000 -0.000000 1.000000 0.000000 0.207912 -0.000000 0.978148 0.978148 0.000000 -0.207912
0.000000 3.537932 -0.000000 0.966667 0.000000 -0.000000 1.000000 0.000000 -0.207912 -0.000000 0.978148 0.978147 -0.000000 0.207912
-1.407560 -3.232061 0.299186 0.400000 0.866667 -0.397686 -0.913619 0.084531 -0.207912 0.000000 -0.978148 0.893655 -0.406570 -0.189952
-1.407561 -3.232061 -0.299186 0.466667 0.866667 -0.397686 -0.913619 -0.084531 0.207912 0.000000 -0.978148 0.893655 -0.406570 0.189952
-1.164181 -3.232061 -0.845827 0.533333 0.866667 -0.328922 -0.913619 -0.238976 0.587785 -0.000000 -0.809017 0.739134 -0.406570 0.537012
-0.719503 -3.232061 -1.246216 0.600000 0.866667 -0.203285 -0.913619 -0.352100 0.866025 -0.000000 -0.500000 0.456810 -0.406570 0.791218
-0.150417 -3.232061 -1.431123 0.666667 0.866667 -0.042498 -0.913619 -0.404343 0.994522 0.000000 -0.104529 0.095499 -0.406570 0.908615
0.444677 -3.232061 -1.368576 0.733333 0.866667 0.125637 -0.913619 -0.386672 0.951057 -0.000000 0.309017 -0.282324 -0.406571 0.868904
0.962883 -3.232061 -1.069390 0.800000 0.866667 0.272049 -0.913619 -0.302141 0.743145 -0.000000 0.669131 -0.611331 -0.406570 0.678952
1.314598 -3.232061 -0.585297 0.866667 0.866667 0.371420 -0.913619 -0.165367 0.406737 -0.000000 0.913545 -0.834633 -0.406570 0.371603
1.439006 -3.232061 -0.000000 0.933333 0.866667 0.406570 -0.913619 0.000000 -0.000000 -0.000000 1.000000 -0.913619 -0.406570 -0.000000
0.227306 -3.460619 0.699575 0.133333 0.933333 0.064218 -0.978168 0.197643 -0.937677 0.008634 0.347402 -0.341524 -0.207635 -0.916651
1.899758 -2.862247 0.845826 0.000000 0.800000 0.536798 -0.809153 0.238998 -0.526146 -0.099599 0.844541 -0.659559 -0.579096 -0.479197
1.899758 -2.862247 0.845826 1.000000 0.800000 0.536798 -0.809153 0.238998 -0.275556 0.099599 0.956111 -0.797444 -0.579096 -0.169502
1.391487 -2.862247 1.545402 0.066667 0.800000 0.393180 -0.809153 0.436671 -0.743145 0.000000 0.669131 -0.541429 -0.587598 -0.601317
0.642615 -2.862247 1.977763 0.133333 0.800000 0.181578 -0.809153 0.558839 -0.951056 -0.000000 0.309017 -0.250042 -0.587598 -0.769550
-0.217371 -2.862247 2.068152 0.200000 0.800000 -0.061421 -0.809153 0.584379 -0.994522 -0.000000 -0.104528 0.084579 -0.587598 -0.804720
-1.039771 -2.862247 1.800938 0.266667 0.800000 -0.293799 -0.809153 0.508875 -0.866025 -0.000000 -0.500000 0.404576 -0.587598 -0.700747
-1.682386 -2.862247 1.222325 0.333333 0.800000 -0.475377 -0.809153 0.345382 -0.587785 -0.000000 -0.809017 0.654618 -0.587598 -0.475608
-2.034101 -2.862247 0.432362 0.400000 0.800000 -0.574758 -0.809153 0.122169 -0.207912 0.000000 -0.978148 0.791471 -0.587598 -0.168232
-2.034101 -2.862247 -0.432361 0.466667 0.800000 -0.574758 -0.809153 -0.122169 0.207912 0.000000 -0.978148 0.791471 -0.587598 0.168232
-1.682386 -2.862247 -1.222325 0.533333 0.800000 -0.475377 -0.809153 -0.345382 0.587785 0.000000 -0.809017 0.654618 -0.587598 0.475608
-1.039772 -2.862247 -1.800938 0.600000 0.800000 -0.293799 -0.809153 -0.508875 0.866025 -0.000000 -0.500000 0.404576 -0.587598 0.700747
-0.076889 -3.460619 0.731548 0.200000 0.933333 -0.021722 -0.978168 0.206676 -0.997911 0.008634 -0.064020 0.060838 -0.207635 -0.976313
-0.217372 -2.862247 -2.068152 0.666667 0.800000 -0.061421 -0.809153 -0.584379 0.994522 -0.000000 -0.104529 0.084580 -0.587598 0.804720
0.642614 -2.862247 -1.977764 0.733333 0.800000 0.181578 -0.809153 -0.558839 0.951057 0.000000 0.309017 -0.250042 -0.587598 0.769550
1.391486 -2.862247 -1.545402 0.800000 0.800000 0.393180 -0.809153 -0.436671 0.743145 0.000000 0.669131 -0.541429 -0.587598 0.601318
1.899758 -2.862247 -0.845827 0.866667 0.800000 0.536798 -0.809153 -0.238998 0.406737 0.000000 0.913545 -0.739198 -0.587598 0.329112
2.079544 -2.862247 -0.000000 0.933333 0.800000 0.587598 -0.809153 0.000000 -0.000000 0.000000 1.000000 -0.809153 -0.587598 -0.000000
2.401889 -2.367338 1.069389 0.000000 0.733333 0.678750 -0.669308 0.302199 -0.488802 -0.104647 0.866095 -0.548061 -0.735578 -0.398189
2.401889 -2.367338 1.069389 1.000000 0.733333 0.678750 -0.669308 0.302199 -0.316562 0.104647 0.942782 -0.662636 -0.735578 -0.140848
1.759275 -2.367338 1.953872 0.066667 0.733333 0.497154 -0.669309 0.552145 -0.743145 -0.000000 0.669131 -0.447855 -0.742985 -0.497393
0.812467 -2.367338 2.500513 0.133333 0.733333 0.229595 -0.669309 0.706620 -0.951056 -0.000000 0.309017 -0.206828 -0.742985 -0.636550
-0.274825 -2.367338 2.614792 0.200000 0.733333 -0.077663 -0.669309 0.738914 -0.994522 -0.000000 -0.104528 0.069962 -0.742985 -0.665642
-1.314597 -2.367338 2.276950 0.266667 0.733333 -0.371492 -0.669309 0.643444 -0.866026 0.000000 -0.500000 0.334654 -0.742985 -0.579638
-0.367789 -3.460619 0.637029 0.266667 0.933333 -0.103907 -0.978168 0.179972 -0.885598 0.008634 -0.464373 0.452681 -0.207635 -0.867161
-2.127064 -2.367338 1.545403 0.333333 0.733333 -0.601087 -0.669308 0.436715 -0.587785 0.000000 -0.809017 0.541482 -0.742985 -0.393410
-2.571741 -2.367338 0.546641 0.400000 0.733333 -0.726749 -0.669309 0.154475 -0.207912 0.000000 -0.978148 0.654683 -0.742985 -0.139157
-2.571741 -2.367338 -0.546640 0.466667 0.733333 -0.726749 -0.669309 -0.154475 0.207912 -0.000000 -0.978148 0.654683 -0.742985 0.139157
-2.127064 -2.367338 -1.545402 0.533333 0.733333 -0.601087 -0.669309 -0.436715 0.587785 0.000000 -0.809017 0.541482 -0.742985 0.393410
-1.314598 -2.367338 -2.276950 0.600000 0.733333 -0.371492 -0.669309 -0.643443 0.866025 -0.000000 -0.500000 0.334654 -0.742985 0.579638
-0.274826 -2.367338 -2.614792 0.666667 0.733333 -0.077663 -0.669309 -0.738914 0.994522 0.000000 -0.104529 0.069962 -0.742985 0.665642
0.812466 -2.367338 -2.500514 0.733333 0.733333 0.229595 -0.669308 -0.706620 0.951057 0.000000 0.309017 -0.206828 -0.742985 0.636550
1.759275 -2.367338 -1.953873 0.800000 0.733333 0.497154 -0.669309 -0.552145 0.743145 0.000000 0.669131 -0.447855 -0.742985 0.497393
2.401890 -2.367338 -1.069390 0.866667 0.733333 0.678750 -0.669309 -0.302199 0.406737 0.000000 0.913545 -0.611444 -0.742985 0.272232
2.629196 -2.367338 -0.000000 0.933333 0.733333 0.742985 -0.669308 0.000000 -0.000000 0.000000 1.000000 -0.669309 -0.742985 -0.000000
-0.595094 -3.460619 0.432362 0.333333 0.933333 -0.168125 -0.978168 0.122150 -0.620157 0.008634 -0.784431 0.766250 -0.207635 -0.608069
2.799047 -1.768966 1.246215 0.000000 0.666667 0.791059 -0.500179 0.352202 -0.452765 -0.091546 0.886918 -0.411375 -0.861070 -0.298881
2.799047 -1.768966 1.246215 1.000000 0.666667 0.791059 -0.500179 0.352202 -0.356150 0.091545 0.929934 -0.497376 -0.861070 -0.105721
2.050175 -1.768966 2.276949 0.066667 0.666667 0.579415 -0.500179 0.643505 -0.743145 -0.000000 0.669131 -0.334685 -0.865922 -0.371705
0.946810 -1.768966 2.913978 0.133333 0.666667 0.267585 -0.500179 0.823541 -0.951056 0.000000 0.309017 -0.154564 -0.865922 -0.475698
-0.320268 -1.768966 3.047154 0.200000 0.666667 -0.090513 -0.500179 0.861178 -0.994522 -0.000000 -0.104528 0.052283 -0.865922 -0.497439
-1.531969 -1.768966 2.653449 0.266667 0.666667 -0.432961 -0.500179 0.749911 -0.866026 -0.000000 -0.500000 0.250089 -0.865922 -0.433168
-2.478778 -1.768966 1.800938 0.333333 0.666667 -0.700546 -0.500179 0.508976 -0.587785 0.000000 -0.809017 0.404653 -0.865922 -0.293998
-2.996984 -1.768966 0.637029 0.400000 0.666667 -0.847000 -0.500179 0.180035 -0.207912 -0.000000 -0.978148 0.489249 -0.865922 -0.103993
-2.996984 -1.768966 -0.637028 0.466667 0.666667 -0.847000 -0.500179 -0.180035 0.207912 0.000000 -0.978148 0.489249 -0.865922 0.103993
-2.478778 -1.768966 -1.800938 0.533333 0.666667 -0.700546 -0.500179 -0.508976 0.587785 0.000000 -0.809017 0.404653 -0.865922 0.293998
-1.531969 -1.768966 -2.653449 0.600000 0.666667 -0.432961 -0.500179 -0.749910 0.866025 0.000000 -0.500000 0.250090 -0.865922 0.433168
-0.719503 -3.460619 0.152935 0.400000 0.933333 -0.203273 -0.978168 0.043207 -0.247484 0.008634 -0.968853 0.947329 -0.207634 -0.243837
-0.320269 -1.768966 -3.047154 0.666667 0.666667 -0.090514 -0.500179 -0.861178 0.994522 0.000000 -0.104529 0.052283 -0.865922 0.497439
0.946809 -1.768966 -2.913979 0.733333 0.666667 0.267585 -0.500179 -0.823541 0.951057 -0.000000 0.309017 -0.154564 -0.865922 0.475699
2.050175 -1.768966 -2.276950 0.800000 0.666667 0.579415 -0.500179 -0.643505 0.743145 0.000000 0.669131 -0.334685 -0.865922 0.371706
2.799047 -1.768966 -1.246216 0.866667 0.666667 0.791059 -0.500179 -0.352202 0.406737 -0.000000 0.913545 -0.456936 -0.865922 0.203441
3.063939 -1.768966 -0.000000 0.933333 0.666667 0.865922 -0.500179 0.000000 -0.000000 -0.000000 1.000000 -0.500179 -0.865922 -0.000000
3.073873 -1.093281 1.368575 0.000000 0.600000 0.868794 -0.309150 0.386812 -0.424380 -0.062358 0.903335 -0.255145 -0.948967 -0.185373
3.073873 -1.093281 1.368575 1.000000 0.600000 0.868794 -0.309150 0.386812 -0.387343 0.062358 0.919824 -0.308484 -0.948967 -0.065571
2.251473 -1.093281 2.500513 0.066667 0.600000 0.636352 -0.309149 0.706740 -0.743145 -0.000000 0.669131 -0.206861 -0.951013 -0.229743
1.039772 -1.093281 3.200088 0.133333 0.600000 0.293880 -0.309149 0.904467 -0.951056 0.000000 0.309017 -0.095533 -0.951014 -0.294019
-0.351714 -1.093281 3.346340 0.200000 0.600000 -0.099408 -0.309149 0.945804 -0.994522 -0.000000 -0.104528 0.032315 -0.951014 -0.307456
-1.682386 -1.093281 2.913979 0.266667 0.600000 -0.475507 -0.309149 0.823602 -0.866025 -0.000000 -0.500000 0.154575 -0.951014 -0.267731
-0.719503 -3.460619 -0.152935 0.466667 0.933333 -0.203273 -0.978168 -0.043207 0.167980 0.008635 -0.985753 0.964605 -0.207634 0.162557
-2.722158 -1.093281 1.977764 0.333333 0.600000 -0.769386 -0.309149 0.558992 -0.587785 0.000000 -0.809017 0.250107 -0.951014 -0.181714
-3.291244 -1.093281 0.699576 0.400000 0.600000 -0.930232 -0.309149 0.197727 -0.207912 0.000000 -0.978148 0.302394 -0.951014 -0.064276
-3.291245 -1.093281 -0.699575 0.466667 0.600000 -0.930232 -0.309150 -0.197727 0.207912 0.000000 -0.978148 0.302394 -0.951014 0.064276
-2.722158 -1.093281 -1.977764 0.533333 0.600000 -0.769386 -0.309150 -0.558992 0.587785 0.000000 -0.809017 0.250107 -0.951013 0.181714
-1.682387 -1.093281 -2.913978 0.600000 0.600000 -0.475507 -0.309150 -0.823602 0.866025 0.000000 -0.500000 0.154575 -0.951014 0.267731
-0.351715 -1.093281 -3.346340 0.666667 0.600000 -0.099408 -0.309150 -0.945804 0.994522 -0.000000 -0.104529 0.032315 -0.951013 0.307456
1.039772 -1.093281 -3.200089 0.733333 0.600000 0.293879 -0.309149 -0.904468 0.951057 0.000000 0.309017 -0.095532 -0.951014 0.294019
2.251472 -1.093281 -2.500514 0.800000 0.600000 0.636352 -0.309149 -0.706741 0.743145 -0.000000 0.669130 -0.206861 -0.951014 0.229743
3.073873 -1.093281 -1.368577 0.866667 0.600000 0.868794 -0.309149 -0.386812 0.406737 0.000000 0.913546 -0.282422 -0.951014 0.125742
3.364773 -1.093281 -0.000000 0.933333 0.600000 0.951013 -0.309150 0.000000 -0.000000 -0.000000 1.000000 -0.309150 -0.951014 -0.000000
-0.595095 -3.460619 -0.432361 0.533333 0.933333 -0.168125 -0.978168 -0.122150 0.554399 0.008634 -0.832206 0.815093 -0.207634 0.540844
3.214355 -0.369814 1.431122 1.000000 0.533333 0.908536 -0.104578 0.404507 -0.404513 0.022101 0.914265 -0.104552 -0.994271 -0.022223
3.214355 -0.369814 1.431122 0.000000 0.533333 0.908536 -0.104578 0.404507 -0.408759 -0.022101 0.912375 -0.086474 -0.994271 -0.062827
2.354370 -0.369814 2.614792 0.066667 0.533333 0.665462 -0.104577 0.739070 -0.743145 0.000000 0.669131 -0.069976 -0.994517 -0.077716
1.087292 -0.369814 3.346339 0.133333 0.533333 0.307323 -0.104577 0.945842 -0.951056 -0.000000 0.309017 -0.032316 -0.994517 -0.099459
-0.367788 -0.369814 3.499275 0.200000 0.533333 -0.103955 -0.104577 0.989069 -0.994522 -0.000000 -0.104528 0.010931 -0.994517 -0.104004
-1.759274 -0.369814 3.047154 0.266667 0.533333 -0.497258 -0.104577 0.861277 -0.866025 0.000000 -0.500000 0.052289 -0.994517 -0.090567
-2.846566 -0.369814 2.068152 0.333333 0.533333 -0.804581 -0.104577 0.584562 -0.587785 -0.000000 -0.809017 0.084605 -0.994517 -0.061469
-3.441661 -0.369814 0.731548 0.400000 0.533333 -0.972784 -0.104577 0.206772 -0.207912 -0.000000 -0.978148 0.102292 -0.994517 -0.021743
-3.441661 -0.369814 -0.731547 0.466667 0.533333 -0.972784 -0.104577 -0.206771 0.207912 -0.000000 -0.978148 0.102292 -0.994517 0.021743
-2.846567 -0.369814 -2.068152 0.533333 0.533333 -0.804581 -0.104577 -0.584562 0.587785 0.000000 -0.809017 0.084605 -0.994517 0.061469
-1.759275 -0.369814 -3.047154 0.600000 0.533333 -0.497258 -0.104577 -0.861277 0.866025 0.000000 -0.500000 0.052289 -0.994517 0.090567
-0.367789 -3.460619 -0.637029 0.600000 0.933333 -0.103907 -0.978168 -0.179972 0.844958 0.008634 -0.534764 0.524643 -0.207634 0.825614
Indices
71
120 0 84
120 71 84
171 120 95
171 84 95
183 171 107
183 95 107
195 183 119
195 107 119
206 195 131
206 119 131
218 206 162
218 131 162
230 218 163
230 162 163
241 230 164
241 163 164
253 241 165
253 164 165
13 253 166
13 165 166
24 13 167
24 166 167
36 24 168
36 167 168
48 36 169
48 168 169
59 48 170
59 169 170
1 59 72
1 170 172
84 71 174
84 172 174
95 84 175
95 174 175
107 95 176
107 175 176
119 107 177
119 176 177
131 119 178
131 177 178
162 131 179
162 178 179
163 162 180
163 179 180
164 163 181
164 180 181
165 164 182
165 181 182
166 165 184
166 182 184
167 166 185
167 184 185
168 167 186
168 185 186
169 168 187
169 186 187
170 169 188
170 187 188
72 170 173
72 188 189
174 172 191
174 189 191
175 174 192
175 191 192
176 175 193
176 192 193
177 176 194
177 193 194
178 177 196
178 194 196
179 178 197
179 196 197
180 179 198
180 197 198
181 180 199
181 198 199
182 181 200
182 199 200
184 182 201
184 200 201
185 184 202
185 201 202
186 185 203
186 202 203
187 186 204
187 203 204
188 187 205
188 204 205
173 188 190
173 205 207
191 189 209
191 207 209
192 191 210
192 209 210
193 192 211
193 210 211
194 193 212
194 211 212
196 194 213
196 212 213
197 196 214
197 213 214
198 197 215
198 214 215
199 198 216
199 215 216
200 199 217
200 216 217
201 200 219
201 217 219
202 201 220
202 219 220
203 202 221
203 220 221
204 203 222
204 221 222
205 204 223
205 222 223
190 205 208
190 223 224
209 207 226
209 224 226
210 209 227
210 226 227
211 210 228
211 227 228
212 211 229
212 228 229
213 212 231
213 229 231
214 213 232
214 231 232
215 214 233
215 232 233
216 215 234
216 233 234
217 216 235
217 234 235
219 217 236
219 235 236
220 219 237
220 236 237
221 220 238
221 237 238
222 221 239
222 238 239
223 222 240
223 239 240
208 223 225
208 240 243
226 224 244
226 243 244
227 226 245
227 244 245
228 227 246
228 245 246
229 228 247
229 246 247
231 229 248
231 247 248
232 231 249
232 248 249
233 232 250
233 249 250
234 233 251
234 250 251
235 234 252
235 251 252
236 235 2
236 252 2
237 236 3
237 2 3
238 237 4
238 3 4
239 238 5
239 4 5
240 239 6
240 5 6
225 240 242
225 6 7
244 243 9
244 7 9
245 244 10
245 9 10
246 245 11
246 10 11
247 246 12
247 11 12
248 247 14
248 12 14
249 248 15
249 14 15
250 249 16
250 15 16
251 250 17
251 16 17
252 251 18
252 17 18
2 252 19
2 18 19
3 2 20
3 19 20
4 3 21
4 20 21
5 4 22
5 21 22
6 5 23
6 22 23
242 6 8
242 23 25
9 7 27
9 25 27
10 9 28
10 27 28
11 10 29
11 28 29
12 11 30
12 29 30
14 12 31
14 30 31
15 14 32
15 31 32
16 15 33
16 32 33
17 16 34
17 33 34
18 17 35
18 34 35
19 18 37
19 35 37
20 19 38
20 37 38
21 20 39
21 38 39
22 21 40
22 39 40
23 22 41
23 40 41
8 23 26
8 41 42
27 25 44
27 42 44
28 27 45
28 44 45
29 28 46
29 45 46
30 29 47
30 46 47
31 30 49
31 47 49
32 31 50
32 49 50
33 32 51
33 50 51
34 33 52
34 51 52
35 34 53
35 52 53
37 35 54
37 53 54
38 37 55
38 54 55
39 38 56
39 55 56
40 39 57
40 56 57
41 40 58
41 57 58
26 41 43
26 58 60
44 42 62
44 60 62
45 44 63
45 62 63
46 45 64
46 63 64
47 46 65
47 64 65
49 47 66
49 65 66
50 49 67
50 66 67
51 50 68
51 67 68
52 51 69
52 68 69
53 52 70
53 69 70
54 53 73
54 70 73
55 54 74
55 73 74
56 55 75
56 74 75
57 56 76
57 75 76
58 57 77
58 76 77
43 58 61
43 77 78
62 60 80
62 78 80
63 62 81
63 80 81
64 63 82
64 81 82
65 64 83
65 82 83
66 65 85
66 83 85
67 66 86
67 85 86
68 67 87
68 86 87
69 68 88
69 87 88
70 69 89
70 88 89
73 70 90
73 89 90
74 73 91
74 90 91
75 74 92
75 91 92
76 75 93
76 92 93
77 76 94
77 93 94
61 77 79
61 94 96
80 78 98
80 96 98
81 80 99
81 98 99
82 81 100
82 99 100
83 82 101
83 100 101
85 83 102
85 101 102
86 85 103
86 102 103
87 86 104
87 103 104
88 87 105
88 104 105
89 88 106
89 105 106
90 89 108
90 106 108
91 90 109
91 108 109
92 91 110
92 109 110
93 92 111
93 110 111
94 93 112
94 111 112
79 94 97
79 112 113
98 96 115
98 113 115
99 98 116
99 115 116
100 99 117
100 116 117
101 100 118
101 117 118
102 101 121
102 118 121
103 102 122
103 121 122
104 103 123
104 122 123
105 104 124
105 123 124
106 105 125
106 124 125
108 106 126
108 125 126
109 108 127
109 126 127
110 109 128
110 127 128
111 110 129
111 128 129
112 111 130
112 129 130
97 112 114
97 130 132
0 120 133
120 171 134
171 183 135
183 195 136
195 206 137
206 218 138
218 230 139
230 241 140
241 253 141
253 13 142
13 24 143
24 36 144
36 48 145
48 59 146
59 1 147
115 113 148
116 115 149
117 116 150
118 117 151
121 118 152
122 121 153
123 122 154
124 123 155
125 124 156
126 125 157
127 126 158
128 127 159
129 128 160
130 129 161
114 130