VertexCount: 25
TriangleCount: 26
Vertices
12.235746 3.579643 43.844154 0.202336 0.706713 -0.074736 0.981508 -0.176231 0.928657 0.132893 0.346317 0.363332 -0.137776 -0.921416
12.158184 16.717274 108.874741 0.390511 0.217025 0.073588 0.996461 -0.040616 0.928833 -0.053651 0.366594 0.363118 -0.064702 -0.929494
52.713440 13.160581 98.328949 0.660097 0.413459 0.012612 0.991750 -0.127566 0.932942 0.034235 0.358395 0.359806 -0.123532 -0.924814
60.671890 10.032983 69.804184 0.637031 0.648906 -0.038960 0.994089 -0.101333 0.932323 0.072650 0.354255 0.359523 -0.080673 -0.929643
49.587929 7.872684 51.913731 0.503357 0.750758 -0.081404 0.987121 -0.137714 0.929260 0.125125 0.347592 0.360347 -0.099677 -0.927478
30.637085 2.951186 32.851707 0.307267 0.840857 -0.111283 0.978432 -0.174033 0.925369 0.165874 0.340849 0.362365 -0.123114 -0.923869
105.592247 12.985806 64.389130 0.955397 0.815031 0.000000 0.000000 -0.000000 -0.359849 0.067764 0.930546 0.000000 -0.000000 0.000000
84.480972 16.961334 118.981506 0.955397 0.349139 0.000000 0.000000 -0.000000 0.000000 0.000000 -0.000000 -0.000000 -0.000000 0.000000
-0.406151 18.833080 74.752914 0.200871 0.431051 0.094004 0.995203 0.027096 0.923723 -0.097339 0.370487 0.371347 -0.009798 -0.928442
-20.023495 18.754189 89.101563 0.096280 0.269226 0.087597 0.996151 -0.003051 0.927016 -0.080396 0.366302 0.364647 -0.034915 -0.930491
-35.573959 20.682896 111.253967 0.044604 0.059965 0.081107 0.996153 -0.033195 0.928224 -0.063360 0.366586 0.363073 -0.060545 -0.929792
53.329922 2.831752 20.080219 0.439086 1.000000 -0.147680 0.974035 -0.171601 0.920484 0.198829 0.336416 0.361800 -0.108274 -0.925947
20.215965 13.519426 81.304558 0.370878 0.445771 0.105050 0.986808 -0.123188 0.931470 -0.054249 0.359750 0.348322 -0.152538 -0.924881
31.433626 15.301192 104.850647 0.521531 0.302893 0.055714 0.991714 -0.115757 0.932432 -0.010222 0.361201 0.357025 -0.128059 -0.925275
46.138794 18.480015 135.174042 0.717712 0.118956 0.006253 0.994127 -0.108037 0.932945 0.033091 0.358494 0.359964 -0.103034 -0.927259
29.567184 7.654549 59.500515 0.376494 0.637738 -0.045678 0.983197 -0.176740 0.929630 0.106597 0.352738 0.365651 -0.148190 -0.918879
74.515678 10.442110 37.609535 0.648134 0.925542 -0.117003 0.988266 -0.098188 0.927645 0.144059 0.344559 0.354661 -0.050769 -0.933616
29.866161 10.667589 69.290146 0.407414 0.564120 -0.001999 0.990658 -0.136357 0.932541 0.051080 0.357433 0.361059 -0.126444 -0.923931
105.592247 12.985806 64.389130 0.955397 0.815031 0.000000 0.000000 -0.000000 0.000000 0.000000 -0.000000 -0.000000 -0.000000 0.000000
105.592247 12.985806 64.389130 0.955397 0.815031 -0.075818 0.994932 -0.066045 0.931301 0.094323 0.351826 0.356272 -0.034833 -0.933733
25.468111 11.086419 76.153816 0.394466 0.500620 0.054837 0.989992 -0.130035 0.932662 -0.004281 0.360725 0.356559 -0.141060 -0.923563
84.480972 16.961334 118.981506 0.955397 0.349139 0.000000 0.000000 -0.000000 0.359849 -0.067764 -0.930546 -0.000000 -0.000000 -0.000000
84.480972 16.961334 118.981506 0.955397 0.349139 -0.029606 0.991731 -0.124870 0.932325 0.072442 0.354292 0.360409 -0.105930 -0.926760
16.053616 15.447596 85.386551 0.352184 0.402303 0.103655 0.994236 -0.027410 0.925220 -0.086273 0.369493 0.364998 -0.063660 -0.928829
10.799530 17.862886 137.665787 0.462697 -0.000000 0.043459 0.997607 -0.053769 0.931419 -0.020992 0.363342 0.361344 -0.065872 -0.930103
Indices
4
11 5 16
11 4 3
16 4 19
16 3 3
22 19 2
22 3 13
24 14 1
24 13 23
13 12 1
13 23 20
3 17 2
3 20 17
4 15 3
4 17 15
5 0 4
5 15 6
21 7 6
18 21 8
1 23 9
1 8 1
10 24 9
10 1 20
13 2 12
13 20 2
14 22 13
14 2