VertexCount: 276
TriangleCount: 132
Vertices
24.401779 45.218376 58.865898 0.300581 0.990802 0.439593 0.713903 0.545069 0.777807 -0.606053 0.166484 -0.449194 -0.350773 0.821695
24.401779 45.218376 58.865898 0.300581 0.990802 0.769602 0.315233 0.555285 0.453804 -0.881809 -0.128354 -0.449194 -0.350772 0.821696
25.719318 40.076347 57.391098 0.503109 0.990802 0.777808 -0.606051 0.166485 -0.439591 -0.713905 -0.545068 -0.449194 -0.350773 0.821695
25.719318 40.076347 57.391098 0.503109 0.990802 0.893397 -0.167908 0.416712 0.008201 -0.921286 -0.388800 -0.449193 -0.350770 0.821697
25.695929 42.703655 58.499870 0.401392 0.990802 0.893397 -0.167908 0.416712 0.008202 -0.921285 -0.388802 -0.449193 -0.350772 0.821696
25.695929 42.703655 58.499870 0.401392 0.990802 0.769602 0.315233 0.555285 0.453803 -0.881810 -0.128352 -0.449195 -0.350770 0.821696
28.063280 48.077599 52.168049 0.296133 0.706373 0.439593 0.713903 0.545069 0.777806 -0.606054 0.166486 -0.449196 -0.350772 0.821695
28.063280 48.077599 52.168049 0.296133 0.706373 0.769602 0.315233 0.555285 0.453805 -0.881808 -0.128355 -0.449193 -0.350773 0.821696
28.063280 48.077599 52.168049 0.296133 0.706373 -0.449193 -0.350769 0.821697 0.777804 -0.606056 0.166483 -0.439597 -0.713903 -0.545066
28.063280 48.077599 52.168049 0.296133 0.706373 -0.449190 -0.350770 0.821699 0.453803 -0.881810 -0.128354 -0.769605 -0.315234 -0.555280
25.845152 49.805943 51.693268 0.199158 0.706373 0.439593 0.713903 0.545069 0.777805 -0.606054 0.166487 -0.449197 -0.350770 0.821695
25.845152 49.805943 51.693268 0.199158 0.706373 -0.449193 -0.350769 0.821697 0.777806 -0.606053 0.166485 -0.439595 -0.713905 -0.545066
25.845152 49.805943 51.693268 0.199793 0.706373 -0.449192 -0.350775 0.821695 -0.893397 0.167899 -0.416715 0.008211 -0.921285 -0.388801
25.845152 49.805943 51.693268 0.199793 0.706373 -0.008207 0.921285 0.388801 -0.893397 0.167903 -0.416713 -0.449193 -0.350774 0.821696
23.297392 50.284752 50.504894 0.296773 0.706373 -0.453801 0.881811 0.128357 -0.769604 -0.315229 -0.555284 -0.449194 -0.350772 0.821696
23.297392 50.284752 50.504894 0.296773 0.706373 -0.449192 -0.350775 0.821695 -0.893397 0.167900 -0.416714 0.008211 -0.921285 -0.388801
23.297392 50.284752 50.504894 0.296773 0.706373 -0.449194 -0.350774 0.821695 -0.769603 -0.315228 -0.555285 0.453801 -0.881810 -0.128358
23.297392 50.284752 50.504894 0.296773 0.706373 -0.008207 0.921285 0.388801 -0.893397 0.167903 -0.416713 -0.449193 -0.350774 0.821696
21.102657 49.385792 48.921349 0.398288 0.706373 -0.453801 0.881811 0.128357 -0.769604 -0.315229 -0.555285 -0.449194 -0.350772 0.821695
21.102657 49.385792 48.921349 0.398288 0.706373 -0.777809 0.606050 -0.166487 -0.439591 -0.713908 -0.545065 -0.449193 -0.350770 0.821697
21.102657 49.385792 48.921349 0.398288 0.706373 -0.449194 -0.350774 0.821695 -0.769604 -0.315228 -0.555285 0.453801 -0.881810 -0.128358
21.102657 49.385792 48.921349 0.398288 0.706373 -0.449197 -0.350769 0.821695 -0.439589 -0.713908 -0.545067 0.777807 -0.606050 0.166491
19.849043 47.349880 47.366943 0.501148 0.706373 -0.777809 0.606050 -0.166487 -0.439591 -0.713908 -0.545065 -0.449193 -0.350770 0.821697
19.849043 47.349880 47.366943 0.501148 0.706373 -0.893397 0.167904 -0.416714 0.008206 -0.921285 -0.388802 -0.449194 -0.350774 0.821695
19.849043 47.349880 47.366943 0.501148 0.706373 -0.449197 -0.350769 0.821695 -0.439590 -0.713907 -0.545067 0.777806 -0.606052 0.166490
19.849043 47.349880 47.366943 0.501148 0.706373 -0.449200 -0.350771 0.821693 0.008207 -0.921286 -0.388799 0.893394 -0.167905 0.416720
19.872448 44.722588 46.258179 0.604511 0.706373 -0.893397 0.167904 -0.416714 0.008205 -0.921286 -0.388800 -0.449194 -0.350772 0.821696
19.872448 44.722588 46.258179 0.604511 0.706373 -0.769603 -0.315231 -0.555285 0.453802 -0.881810 -0.128354 -0.449194 -0.350771 0.821696
19.872448 44.722588 46.258179 0.604511 0.706373 -0.449200 -0.350771 0.821693 0.008206 -0.921286 -0.388799 0.893394 -0.167906 0.416720
19.872448 44.722588 46.258179 0.604511 0.706373 -0.449196 -0.350773 0.821694 0.453802 -0.881810 -0.128356 0.769602 0.315230 0.555287
21.166586 42.207867 45.892139 0.708082 0.706373 -0.769603 -0.315231 -0.555285 0.453802 -0.881810 -0.128355 -0.449194 -0.350771 0.821696
21.166586 42.207867 45.892139 0.708082 0.706373 -0.439593 -0.713905 -0.545067 0.777807 -0.606053 0.166485 -0.449194 -0.350771 0.821696
21.166586 42.207867 45.892139 0.708082 0.706373 -0.449196 -0.350773 0.821694 0.453803 -0.881810 -0.128355 0.769601 0.315231 0.555287
21.166586 42.207867 45.892139 0.708082 0.706373 -0.449195 -0.350773 0.821695 0.777807 -0.606052 0.166486 0.439591 0.713904 0.545069
23.384712 40.479546 46.366917 0.811756 0.706373 -0.439593 -0.713905 -0.545067 0.777807 -0.606052 0.166485 -0.449194 -0.350772 0.821696
23.384712 40.479546 46.366917 0.811052 0.706373 0.008203 -0.921286 -0.388800 -0.893397 0.167906 -0.416714 -0.449194 -0.350771 0.821696
23.384712 40.479546 46.366917 0.811756 0.706373 -0.449195 -0.350773 0.821695 0.777806 -0.606054 0.166484 0.439593 0.713903 0.545069
23.384712 40.479546 46.366917 0.811052 0.706373 -0.449193 -0.350772 0.821696 -0.893397 0.167904 -0.416713 -0.008206 0.921286 0.388800
22.183659 46.946686 58.391121 0.200863 0.990802 0.439593 0.713903 0.545069 0.777806 -0.606054 0.166486 -0.449196 -0.350772 0.821695
22.183659 46.946686 58.391121 0.201536 0.990802 -0.008207 0.921285 0.388801 -0.893397 0.167903 -0.416713 -0.449193 -0.350774 0.821696
25.932467 40.000725 47.555283 0.707453 0.706373 0.008203 -0.921286 -0.388800 -0.893397 0.167905 -0.416712 -0.449193 -0.350771 0.821697
25.932467 40.000725 47.555283 0.707453 0.706373 0.453804 -0.881809 -0.128354 -0.769603 -0.315234 -0.555283 -0.449192 -0.350771 0.821697
25.932467 40.000725 47.555283 0.707453 0.706373 -0.449193 -0.350772 0.821696 -0.893397 0.167903 -0.416713 -0.008207 0.921286 0.388800
25.932467 40.000725 47.555283 0.707453 0.706373 -0.449193 -0.350770 0.821697 -0.769603 -0.315234 -0.555283 -0.453803 0.881810 0.128353
28.127207 40.899704 49.138824 0.603903 0.706373 0.453804 -0.881809 -0.128354 -0.769603 -0.315234 -0.555282 -0.449191 -0.350771 0.821698
28.127207 40.899704 49.138824 0.603903 0.706373 0.777808 -0.606051 0.166485 -0.439591 -0.713905 -0.545068 -0.449194 -0.350773 0.821695
28.127207 40.899704 49.138824 0.603903 0.706373 -0.449193 -0.350770 0.821697 -0.769602 -0.315235 -0.555284 -0.453805 0.881809 0.128352
28.127207 40.899704 49.138824 0.603903 0.706373 -0.449197 -0.350771 0.821695 -0.439589 -0.713906 -0.545068 -0.777807 0.606051 -0.166490
29.380814 42.935600 50.693233 0.500542 0.706373 0.777808 -0.606051 0.166485 -0.439591 -0.713905 -0.545069 -0.449194 -0.350774 0.821695
29.380814 42.935600 50.693233 0.500542 0.706373 0.893397 -0.167908 0.416712 0.008202 -0.921285 -0.388802 -0.449193 -0.350772 0.821696
29.380814 42.935600 50.693233 0.500542 0.706373 -0.449197 -0.350771 0.821695 -0.439592 -0.713904 -0.545069 -0.777805 0.606054 -0.166487
29.380814 42.935600 50.693233 0.500542 0.706373 -0.449196 -0.350770 0.821695 0.008200 -0.921285 -0.388801 -0.893395 0.167910 -0.416714
29.357426 45.562878 51.802006 0.397656 0.706373 0.893397 -0.167908 0.416712 0.008202 -0.921284 -0.388803 -0.449193 -0.350773 0.821696
29.357426 45.562878 51.802006 0.397656 0.706373 0.769602 0.315233 0.555285 0.453804 -0.881809 -0.128354 -0.449194 -0.350772 0.821696
29.357426 45.562878 51.802006 0.397656 0.706373 -0.449196 -0.350770 0.821695 0.008203 -0.921286 -0.388800 -0.893395 0.167907 -0.416716
29.357426 45.562878 51.802006 0.397656 0.706373 -0.449190 -0.350770 0.821699 0.453803 -0.881810 -0.128355 -0.769605 -0.315233 -0.555280
28.948397 48.830936 52.973488 0.291951 0.669545 0.711088 0.271545 0.648550 0.453804 -0.881809 -0.128352 -0.537044 -0.385584 0.750272
28.948397 48.830936 52.973488 0.291951 0.669545 -0.449193 -0.350769 0.821697 0.777806 -0.606053 0.166485 -0.439595 -0.713905 -0.545066
28.948397 48.830936 52.973488 0.291951 0.669545 -0.449190 -0.350770 0.821699 0.453803 -0.881809 -0.128354 -0.769605 -0.315234 -0.555280
28.948397 48.830936 52.973488 0.291951 0.669545 0.383775 0.667750 0.637829 0.777807 -0.606052 0.166485 -0.497728 -0.432215 0.751969
26.160929 51.002869 52.376846 0.186097 0.669545 -0.060536 0.874090 0.481977 -0.893398 0.167903 -0.416712 -0.445169 -0.455823 0.770746
26.160929 51.002869 52.376846 0.185451 0.669545 -0.449193 -0.350769 0.821697 0.777807 -0.606051 0.166487 -0.439592 -0.713907 -0.545065
26.160929 51.002869 52.376846 0.186097 0.669545 -0.449192 -0.350775 0.821695 -0.893397 0.167900 -0.416714 0.008211 -0.921285 -0.388801
26.160929 51.002869 52.376846 0.185451 0.669545 0.383775 0.667750 0.637829 0.777807 -0.606052 0.166484 -0.497727 -0.432216 0.751969
22.959198 51.604584 50.883442 0.292609 0.669545 -0.060536 0.874090 0.481977 -0.893398 0.167903 -0.416712 -0.445169 -0.455823 0.770746
22.959198 51.604584 50.883442 0.292609 0.669545 -0.502800 0.835218 0.222717 -0.769603 -0.315229 -0.555286 -0.393578 -0.450601 0.801283
22.959198 51.604584 50.883442 0.292609 0.669545 -0.449192 -0.350775 0.821695 -0.893397 0.167900 -0.416714 0.008210 -0.921285 -0.388801
22.959198 51.604584 50.883442 0.292609 0.669545 -0.449194 -0.350774 0.821695 -0.769604 -0.315228 -0.555285 0.453801 -0.881810 -0.128358
20.201132 50.474888 48.893436 0.396668 0.669545 -0.502800 0.835218 0.222717 -0.769603 -0.315229 -0.555286 -0.393578 -0.450601 0.801283
20.201132 50.474888 48.893436 0.396668 0.669545 -0.824477 0.561488 -0.070485 -0.439590 -0.713907 -0.545067 -0.356368 -0.418411 0.835424
20.201132 50.474888 48.893436 0.396668 0.669545 -0.449194 -0.350774 0.821695 -0.769604 -0.315228 -0.555285 0.453800 -0.881810 -0.128359
20.201132 50.474888 48.893436 0.396668 0.669545 -0.449197 -0.350769 0.821695 -0.439590 -0.713907 -0.545067 0.777806 -0.606052 0.166490
18.625742 47.916424 46.940048 0.500390 0.669545 -0.824477 0.561488 -0.070485 -0.439589 -0.713907 -0.545067 -0.356368 -0.418411 0.835424
18.625742 47.916424 46.940048 0.500390 0.669545 -0.939300 0.126264 -0.319017 0.008207 -0.921286 -0.388800 -0.342998 -0.367818 0.864328
18.625742 47.916424 46.940048 0.500390 0.669545 -0.449197 -0.350769 0.821695 -0.439592 -0.713905 -0.545067 0.777806 -0.606053 0.166489
18.625742 47.916424 46.940048 0.500390 0.669545 -0.449200 -0.350771 0.821693 0.008206 -0.921286 -0.388799 0.893394 -0.167906 0.416720
18.655148 44.614750 45.546677 0.604118 0.669545 -0.939300 0.126264 -0.319017 0.008206 -0.921286 -0.388800 -0.342998 -0.367818 0.864328
18.655148 44.614750 45.546677 0.604118 0.669545 -0.816498 -0.353779 -0.456258 0.453801 -0.881810 -0.128354 -0.356924 -0.311851 0.880542
18.655148 44.614750 45.546677 0.604118 0.669545 -0.449200 -0.350771 0.821693 0.008205 -0.921286 -0.388800 0.893394 -0.167907 0.416719
18.655148 44.614750 45.546677 0.604118 0.669545 -0.449196 -0.350773 0.821694 0.453803 -0.881810 -0.128355 0.769601 0.315231 0.555287
19.635897 47.425514 57.202755 0.301246 0.990802 -0.008207 0.921285 0.388801 -0.893397 0.167903 -0.416713 -0.449193 -0.350774 0.821696
19.635897 47.425514 57.202755 0.301246 0.990802 -0.453801 0.881811 0.128357 -0.769604 -0.315229 -0.555284 -0.449193 -0.350772 0.821696
20.281462 41.454571 45.086693 0.707908 0.669545 -0.816498 -0.353779 -0.456258 0.453801 -0.881811 -0.128354 -0.356925 -0.311851 0.880542
20.281462 41.454571 45.086693 0.707908 0.669545 -0.489014 -0.749967 -0.445437 0.777808 -0.606051 0.166487 -0.394817 -0.265050 0.879698
20.281462 41.454571 45.086693 0.707908 0.669545 -0.449196 -0.350773 0.821694 0.453804 -0.881809 -0.128354 0.769601 0.315232 0.555287
20.281462 41.454571 45.086693 0.707908 0.669545 -0.449195 -0.350773 0.821695 0.777806 -0.606054 0.166484 0.439593 0.713903 0.545069
23.068939 39.282604 45.683334 0.811756 0.669545 -0.489014 -0.749967 -0.445437 0.777808 -0.606050 0.166486 -0.394816 -0.265051 0.879698
23.068939 39.282604 45.683334 0.811052 0.669545 -0.044669 -0.956138 -0.289492 -0.893397 0.167907 -0.416712 -0.447042 -0.240017 0.861711
23.068939 39.282604 45.683334 0.811756 0.669545 -0.449195 -0.350773 0.821695 0.777805 -0.606055 0.166483 0.439594 0.713902 0.545070
23.068939 39.282604 45.683334 0.811052 0.669545 -0.449193 -0.350772 0.821696 -0.893397 0.167903 -0.416713 -0.008207 0.921286 0.388800
26.270660 38.680885 47.176735 0.707308 0.669545 -0.044669 -0.956138 -0.289492 -0.893397 0.167907 -0.416713 -0.447042 -0.240017 0.861711
26.270660 38.680885 47.176735 0.707308 0.669545 0.397468 -0.917118 -0.030232 -0.769603 -0.315232 -0.555284 -0.499731 -0.243975 0.831111
26.270660 38.680885 47.176735 0.707308 0.669545 -0.449193 -0.350772 0.821696 -0.893397 0.167902 -0.416714 -0.008207 0.921286 0.388799
26.270660 38.680885 47.176735 0.707308 0.669545 -0.449193 -0.350770 0.821697 -0.769602 -0.315235 -0.555284 -0.453805 0.881809 0.128352
29.028728 39.810619 49.166744 0.603545 0.669545 0.397468 -0.917118 -0.030232 -0.769603 -0.315232 -0.555284 -0.499731 -0.243975 0.831111
29.028728 39.810619 49.166744 0.603545 0.669545 0.718971 -0.643415 0.262863 -0.439594 -0.713901 -0.545071 -0.538366 -0.276337 0.796116
29.028728 39.810619 49.166744 0.603545 0.669545 -0.449193 -0.350770 0.821697 -0.769601 -0.315237 -0.555284 -0.453806 0.881808 0.128351
29.028728 39.810619 49.166744 0.603545 0.669545 -0.449197 -0.350771 0.821695 -0.439592 -0.713904 -0.545069 -0.777805 0.606054 -0.166487
30.604122 42.369057 51.120140 0.499793 0.669545 0.718971 -0.643415 0.262863 -0.439595 -0.713902 -0.545069 -0.538364 -0.276336 0.796117
30.604122 42.369057 51.120140 0.499793 0.669545 0.833761 -0.208349 0.511306 0.008209 -0.921288 -0.388795 -0.552065 -0.328359 0.766423
30.604122 42.369057 51.120140 0.499793 0.669545 -0.449197 -0.350771 0.821695 -0.439595 -0.713901 -0.545070 -0.777803 0.606057 -0.166485
30.604122 42.369057 51.120140 0.499793 0.669545 -0.449196 -0.350770 0.821695 0.008203 -0.921286 -0.388800 -0.893395 0.167907 -0.416716
30.574717 45.670742 52.513500 0.396049 0.669545 0.833761 -0.208349 0.511306 0.008210 -0.921287 -0.388797 -0.552065 -0.328361 0.766422
30.574717 45.670742 52.513500 0.396049 0.669545 0.711088 0.271545 0.648550 0.453804 -0.881809 -0.128352 -0.537044 -0.385584 0.750272
30.574717 45.670742 52.513500 0.396049 0.669545 -0.449196 -0.350770 0.821695 0.008206 -0.921286 -0.388798 -0.893395 0.167904 -0.416717
30.574717 45.670742 52.513500 0.396049 0.669545 -0.449190 -0.350770 0.821699 0.453803 -0.881810 -0.128354 -0.769605 -0.315234 -0.555280
34.496834 53.200462 45.060524 0.275984 0.352462 0.711088 0.271545 0.648550 0.453804 -0.881809 -0.128352 -0.537044 -0.385584 0.750272
34.496834 53.200462 45.060524 0.275984 0.352462 0.500717 0.437921 -0.746665 0.777931 -0.605944 0.166297 0.379612 0.664121 0.644079
34.496834 53.200462 45.060524 0.275984 0.352462 0.542871 0.388001 -0.744814 0.453903 -0.881738 -0.128494 0.706586 0.268317 0.654784
34.496834 53.200462 45.060524 0.275984 0.352462 0.383775 0.667750 0.637829 0.777807 -0.606053 0.166485 -0.497728 -0.432215 0.751968
31.191952 55.775574 44.353138 0.153280 0.352462 -0.060536 0.874090 0.481977 -0.893398 0.167904 -0.416712 -0.445170 -0.455823 0.770746
31.191952 55.775574 44.353138 0.153225 0.352462 0.500717 0.437921 -0.746665 0.777929 -0.605949 0.166293 0.379617 0.664117 0.644080
31.191952 55.775574 44.353138 0.153280 0.352462 0.444430 0.463139 -0.766801 -0.893507 0.167792 -0.416522 -0.064245 0.870257 0.488390
31.191952 55.775574 44.353138 0.153225 0.352462 0.383775 0.667750 0.637829 0.777807 -0.606052 0.166485 -0.497728 -0.432215 0.751969
27.395939 56.488998 42.582550 0.276084 0.352462 -0.060536 0.874090 0.481977 -0.893398 0.167903 -0.416712 -0.445169 -0.455823 0.770746
27.395939 56.488998 42.582550 0.276084 0.352462 -0.502800 0.835218 0.222717 -0.769603 -0.315229 -0.555286 -0.393578 -0.450601 0.801283
27.395939 56.488998 42.582550 0.276084 0.352462 0.444430 0.463139 -0.766801 -0.893508 0.167799 -0.416519 -0.064238 0.870256 0.488393
27.395939 56.488998 42.582550 0.276084 0.352462 0.389231 0.457499 -0.799496 -0.769671 -0.315312 -0.555144 -0.506068 0.831428 0.229394
24.125933 55.149597 40.223164 0.387774 0.352462 -0.502800 0.835218 0.222717 -0.769603 -0.315229 -0.555286 -0.393578 -0.450601 0.801283
24.125933 55.149597 40.223164 0.387774 0.352462 -0.824477 0.561488 -0.070485 -0.439589 -0.713907 -0.545067 -0.356368 -0.418411 0.835424
24.125933 55.149597 40.223164 0.387774 0.352462 0.389231 0.457499 -0.799496 -0.769674 -0.315307 -0.555142 -0.506063 0.831430 0.229398
24.125933 55.149597 40.223164 0.387774 0.352462 0.349450 0.423039 -0.836016 -0.439609 -0.713933 -0.545017 -0.827423 0.557977 -0.063512
17.441162 46.526554 55.619213 0.402043 0.990802 -0.777809 0.606050 -0.166487 -0.439591 -0.713908 -0.545065 -0.449193 -0.350770 0.821697
17.441162 46.526554 55.619213 0.402043 0.990802 -0.453801 0.881811 0.128357 -0.769604 -0.315229 -0.555284 -0.449194 -0.350772 0.821696
22.258150 52.116249 37.907207 0.495500 0.352462 -0.824477 0.561488 -0.070485 -0.439589 -0.713907 -0.545067 -0.356368 -0.418411 0.835424
22.258150 52.116249 37.907207 0.495500 0.352462 -0.939300 0.126264 -0.319017 0.008206 -0.921286 -0.388800 -0.342998 -0.367818 0.864328
22.258150 52.116249 37.907207 0.495500 0.352462 0.349450 0.423039 -0.836016 -0.439610 -0.713933 -0.545017 -0.827422 0.557977 -0.063512
22.258150 52.116249 37.907207 0.495500 0.352462 0.335148 0.368927 -0.866931 0.008232 -0.921259 -0.388863 -0.942129 0.123190 -0.311795
22.293024 48.201721 36.255207 0.601567 0.352462 -0.939300 0.126264 -0.319017 0.008206 -0.921286 -0.388800 -0.342998 -0.367818 0.864328
22.293024 48.201721 36.255207 0.601567 0.352462 -0.816498 -0.353779 -0.456258 0.453801 -0.881811 -0.128354 -0.356925 -0.311851 0.880542
22.293024 48.201721 36.255207 0.601567 0.352462 0.335148 0.368927 -0.866931 0.008235 -0.921259 -0.388862 -0.942129 0.123187 -0.311796
22.293024 48.201721 36.255207 0.601567 0.352462 0.350015 0.309054 -0.884293 0.453866 -0.881753 -0.128520 -0.819448 -0.356367 -0.448896
24.221197 44.454952 35.709839 0.706844 0.352462 -0.816498 -0.353779 -0.456258 0.453801 -0.881811 -0.128353 -0.356925 -0.311851 0.880542
24.221197 44.454952 35.709839 0.706844 0.352462 -0.489014 -0.749967 -0.445437 0.777808 -0.606050 0.166486 -0.394816 -0.265051 0.879698
24.221197 44.454952 35.709839 0.706844 0.352462 0.350015 0.309054 -0.884293 0.453869 -0.881752 -0.128519 -0.819447 -0.356370 -0.448896
24.221197 44.454952 35.709839 0.706844 0.352462 0.390526 0.258937 -0.883426 0.777909 -0.605981 0.166264 -0.492287 -0.752156 -0.438081
27.526064 41.879902 36.417229 0.811756 0.352462 -0.489014 -0.749967 -0.445437 0.777809 -0.606050 0.166484 -0.394815 -0.265052 0.879698
27.526064 41.879902 36.417229 0.811052 0.352462 -0.044669 -0.956138 -0.289492 -0.893397 0.167907 -0.416713 -0.447042 -0.240017 0.861711
27.526064 41.879902 36.417229 0.811756 0.352462 0.390526 0.258937 -0.883426 0.777914 -0.605974 0.166269 -0.492280 -0.752161 -0.438080
27.526064 41.879902 36.417229 0.811052 0.352462 0.446434 0.232073 -0.864198 -0.893507 0.167854 -0.416499 -0.048401 -0.958106 -0.282295
31.322079 41.166451 38.187828 0.706131 0.352462 -0.044669 -0.956138 -0.289492 -0.893396 0.167908 -0.416714 -0.447043 -0.240016 0.861710
31.322079 41.166451 38.187828 0.706131 0.352462 0.397468 -0.917118 -0.030232 -0.769603 -0.315232 -0.555284 -0.499731 -0.243975 0.831111
31.322079 41.166451 38.187828 0.706131 0.352462 0.446434 0.232073 -0.864198 -0.893507 0.167846 -0.416501 -0.048393 -0.958107 -0.282291
31.322079 41.166451 38.187828 0.706131 0.352462 0.502893 0.236262 -0.831432 -0.769693 -0.315269 -0.555138 0.393283 -0.919122 -0.023302
34.592106 42.505844 40.547215 0.600973 0.352462 0.397468 -0.917118 -0.030232 -0.769603 -0.315232 -0.555284 -0.499731 -0.243975 0.831111
34.592106 42.505844 40.547215 0.600973 0.352462 0.718971 -0.643415 0.262863 -0.439595 -0.713902 -0.545069 -0.538364 -0.276336 0.796117
34.592106 42.505844 40.547215 0.600973 0.352462 0.502893 0.236262 -0.831432 -0.769693 -0.315270 -0.555138 0.393283 -0.919122 -0.023302
34.592106 42.505844 40.547215 0.600973 0.352462 0.544313 0.270918 -0.793931 -0.439628 -0.713919 -0.545020 0.714458 -0.645696 0.269492
36.459930 45.539188 42.863182 0.495100 0.352462 0.718971 -0.643415 0.262863 -0.439597 -0.713902 -0.545067 -0.538363 -0.276334 0.796118
36.459930 45.539188 42.863182 0.495100 0.352462 0.833761 -0.208349 0.511306 0.008210 -0.921287 -0.388797 -0.552065 -0.328361 0.766422
36.459930 45.539188 42.863182 0.495100 0.352462 0.544313 0.270918 -0.793931 -0.439627 -0.713920 -0.545020 0.714459 -0.645695 0.269493
36.459930 45.539188 42.863182 0.495100 0.352462 0.558996 0.326685 -0.762103 0.008255 -0.921262 -0.388855 0.829129 -0.211078 0.517679
36.425034 49.453690 44.515167 0.387543 0.352462 0.833761 -0.208349 0.511306 0.008212 -0.921286 -0.388799 -0.552065 -0.328364 0.766421
36.425034 49.453690 44.515167 0.387543 0.352462 0.711088 0.271545 0.648550 0.453804 -0.881810 -0.128352 -0.537044 -0.385584 0.750272
36.425034 49.453690 44.515167 0.387543 0.352462 0.558996 0.326685 -0.762103 0.008255 -0.921262 -0.388855 0.829129 -0.211078 0.517679
36.425034 49.453690 44.515167 0.387543 0.352462 0.542871 0.388001 -0.744814 0.453907 -0.881736 -0.128490 0.706583 0.268322 0.654785
33.254742 52.134865 43.601166 0.281293 0.284046 0.500717 0.437921 -0.746665 0.777929 -0.605949 0.166293 0.379617 0.664117 0.644080
33.254742 52.134865 43.601166 0.281293 0.284046 0.542871 0.388001 -0.744814 0.453899 -0.881739 -0.128498 0.706589 0.268313 0.654783
33.254742 52.134865 43.601166 0.281293 0.284046 -0.384864 -0.666957 -0.638004 0.777580 -0.606701 0.165174 0.497241 0.432530 -0.752110
33.254742 52.134865 43.601166 0.281293 0.284046 -0.711653 -0.270723 -0.648274 0.453334 -0.881902 -0.129368 0.536691 0.385950 -0.750337
30.825241 54.026398 43.082752 0.174947 0.284046 0.500717 0.437921 -0.746665 0.777926 -0.605953 0.166289 0.379622 0.664114 0.644081
30.825241 54.026398 43.082752 0.175008 0.284046 0.444430 0.463139 -0.766801 -0.893508 0.167799 -0.416519 -0.064238 0.870256 0.488393
30.825241 54.026398 43.082752 0.174947 0.284046 -0.384864 -0.666957 -0.638004 0.777600 -0.606685 0.165144 0.497211 0.432553 -0.752116
30.825241 54.026398 43.082752 0.175008 0.284046 0.059380 -0.873830 -0.482593 -0.893736 0.168804 -0.415621 0.444646 0.455990 -0.770949
16.187550 44.490654 54.064812 0.503756 0.990802 -0.777809 0.606050 -0.166487 -0.439591 -0.713908 -0.545065 -0.449193 -0.350770 0.821697
16.187550 44.490654 54.064812 0.503756 0.990802 -0.893397 0.167904 -0.416714 0.008207 -0.921284 -0.388803 -0.449194 -0.350776 0.821694
28.035030 54.549843 41.783096 0.281384 0.284046 0.444430 0.463139 -0.766801 -0.893508 0.167806 -0.416515 -0.064231 0.870255 0.488397
28.035030 54.549843 41.783096 0.281384 0.284046 0.389231 0.457499 -0.799496 -0.769674 -0.315307 -0.555142 -0.506063 0.831430 0.229398
28.035030 54.549843 41.783096 0.281384 0.284046 0.059380 -0.873830 -0.482593 -0.893754 0.168786 -0.415590 0.444610 0.455997 -0.770966
28.035030 54.549843 41.783096 0.281384 0.284046 0.502146 -0.835425 -0.223414 -0.770248 -0.314619 -0.554737 0.393151 0.450643 -0.801470
25.631695 53.565083 40.050468 0.389043 0.284046 0.389231 0.457499 -0.799496 -0.769678 -0.315302 -0.555141 -0.506059 0.831432 0.229401
25.631695 53.565083 40.050468 0.389043 0.284046 0.349450 0.423039 -0.836016 -0.439610 -0.713933 -0.545017 -0.827422 0.557977 -0.063512
25.631695 53.565083 40.050468 0.389043 0.284046 0.502146 -0.835425 -0.223414 -0.770259 -0.314632 -0.554714 0.393129 0.450634 -0.801485
25.631695 53.565083 40.050468 0.389043 0.284046 0.824437 -0.561599 0.070080 -0.439901 -0.713788 -0.544972 0.356077 0.418466 -0.835521
24.259102 51.336014 38.349087 0.495761 0.284046 0.349450 0.423039 -0.836016 -0.439611 -0.713932 -0.545017 -0.827422 0.557978 -0.063511
24.259102 51.336014 38.349087 0.495761 0.284046 0.335148 0.368927 -0.866931 0.008235 -0.921259 -0.388862 -0.942129 0.123187 -0.311796
24.259102 51.336014 38.349087 0.495761 0.284046 0.824437 -0.561599 0.070080 -0.439905 -0.713792 -0.544962 0.356073 0.418458 -0.835527
24.259102 51.336014 38.349087 0.495761 0.284046 0.939391 -0.125795 0.318937 0.008642 -0.921272 -0.388822 0.342740 0.368012 -0.864348
24.284927 48.459820 37.134735 0.601580 0.284046 0.335148 0.368927 -0.866931 0.008238 -0.921259 -0.388861 -0.942130 0.123184 -0.311798
24.284927 48.459820 37.134735 0.601580 0.284046 0.350015 0.309054 -0.884293 0.453869 -0.881752 -0.128519 -0.819447 -0.356370 -0.448896
24.284927 48.459820 37.134735 0.601580 0.284046 0.939391 -0.125795 0.318937 0.008646 -0.921267 -0.388834 0.342740 0.368024 -0.864342
24.284927 48.459820 37.134735 0.601580 0.284046 0.816110 0.354728 0.456215 0.454782 -0.881315 -0.128285 0.356563 0.312173 -0.880574
25.702255 45.707123 36.732780 0.706816 0.284046 0.350015 0.309054 -0.884293 0.453872 -0.881751 -0.128517 -0.819445 -0.356373 -0.448897
25.702255 45.707123 36.732780 0.706816 0.284046 0.390526 0.258937 -0.883426 0.777914 -0.605974 0.166269 -0.492280 -0.752161 -0.438080
25.702255 45.707123 36.732780 0.706816 0.284046 0.816110 0.354728 0.456215 0.454793 -0.881306 -0.128311 0.356549 0.312199 -0.880570
25.702255 45.707123 36.732780 0.706816 0.284046 0.487977 0.750812 0.445151 0.778710 -0.604868 0.166571 0.394321 0.265360 -0.879827
28.131512 43.815430 37.250980 0.811756 0.284046 0.390526 0.258937 -0.883426 0.777918 -0.605967 0.166273 -0.492273 -0.752167 -0.438078
28.131512 43.815430 37.250980 0.811052 0.284046 0.446434 0.232073 -0.864198 -0.893507 0.167846 -0.416501 -0.048393 -0.958107 -0.282291
28.131512 43.815430 37.250980 0.811756 0.284046 0.487977 0.750812 0.445151 0.778726 -0.604857 0.166535 0.394289 0.265385 -0.879834
28.131512 43.815430 37.250980 0.811052 0.284046 0.043440 0.956343 0.289002 -0.893716 0.166489 -0.416596 0.446524 0.240188 -0.861931
30.921843 43.291622 38.550549 0.706146 0.284046 0.446434 0.232073 -0.864198 -0.893507 0.167838 -0.416503 -0.048386 -0.958109 -0.282288
30.921843 43.291622 38.550549 0.706146 0.284046 0.502893 0.236262 -0.831432 -0.769693 -0.315270 -0.555138 0.393283 -0.919122 -0.023302
30.921843 43.291622 38.550549 0.706146 0.284046 0.043440 0.956343 0.289002 -0.893734 0.166480 -0.416563 0.446490 0.240195 -0.861947
30.921843 43.291622 38.550549 0.706146 0.284046 -0.398300 0.916769 0.029880 -0.769436 -0.316202 -0.554964 0.499325 0.244033 -0.831338
33.325546 44.276215 40.283302 0.601032 0.284046 0.502893 0.236262 -0.831432 -0.769692 -0.315270 -0.555138 0.393283 -0.919122 -0.023302
33.325546 44.276215 40.283302 0.601032 0.284046 0.544313 0.270918 -0.793931 -0.439627 -0.713920 -0.545020 0.714459 -0.645695 0.269493
33.325546 44.276215 40.283302 0.601032 0.284046 -0.398300 0.916769 0.029880 -0.769451 -0.316209 -0.554938 0.499302 0.244023 -0.831355
33.325546 44.276215 40.283302 0.601032 0.284046 -0.719262 0.643110 -0.262815 -0.439441 -0.714146 -0.544873 0.538102 0.276415 -0.796267
34.698402 46.505486 41.984917 0.495386 0.284046 0.544313 0.270918 -0.793931 -0.439625 -0.713921 -0.545020 0.714460 -0.645694 0.269494
34.698402 46.505486 41.984917 0.495386 0.284046 0.558996 0.326685 -0.762103 0.008255 -0.921262 -0.388855 0.829129 -0.211078 0.517679
34.698402 46.505486 41.984917 0.495386 0.284046 -0.719262 0.643110 -0.262815 -0.439446 -0.714149 -0.544866 0.538098 0.276408 -0.796272
34.698402 46.505486 41.984917 0.495386 0.284046 -0.833915 0.208625 -0.510942 0.007978 -0.921145 -0.389137 0.551835 0.328583 -0.766493
34.672451 49.381989 43.199345 0.388839 0.284046 0.558996 0.326685 -0.762103 0.008255 -0.921262 -0.388856 0.829129 -0.211078 0.517678
34.672451 49.381989 43.199345 0.388839 0.284046 0.542871 0.388001 -0.744814 0.453903 -0.881738 -0.128494 0.706586 0.268317 0.654784
34.672451 49.381989 43.199345 0.388839 0.284046 -0.833915 0.208625 -0.510942 0.007984 -0.921141 -0.389146 0.551835 0.328595 -0.766488
34.672451 49.381989 43.199345 0.388839 0.284046 -0.711653 -0.270723 -0.648274 0.453317 -0.881915 -0.129344 0.536705 0.385922 -0.750341
16.210947 41.863377 52.956036 0.606101 0.990802 -0.893397 0.167904 -0.416714 0.008206 -0.921285 -0.388802 -0.449194 -0.350774 0.821695
16.210947 41.863377 52.956036 0.606101 0.990802 -0.769603 -0.315231 -0.555285 0.453801 -0.881810 -0.128353 -0.449195 -0.350770 0.821696
29.070848 48.820671 49.583015 0.301144 0.003452 -0.384864 -0.666957 -0.638004 0.777600 -0.606685 0.165144 0.497211 0.432553 -0.752116
29.070848 48.820671 49.583015 0.301144 0.003452 -0.711653 -0.270723 -0.648274 0.453351 -0.881890 -0.129392 0.536677 0.385978 -0.750333
29.070848 48.820671 49.583015 0.926300 0.881369 0.495686 0.430002 -0.754582 -0.172583 -0.802737 -0.570814 -0.851182 0.413172 -0.323694
29.070848 48.820671 49.583015 0.926300 0.881369 0.533131 0.384632 -0.753545 -0.186365 -0.815411 -0.548064 -0.825251 0.432624 -0.363039
27.036894 50.411549 49.153477 0.206816 0.003452 -0.384864 -0.666957 -0.638004 0.777619 -0.606668 0.165115 0.497181 0.432577 -0.752123
27.036894 50.411549 49.153477 0.206349 0.003452 0.059380 -0.873830 -0.482593 -0.893754 0.168786 -0.415590 0.444610 0.455997 -0.770966
27.036894 50.411549 49.153477 0.922907 0.893884 0.495686 0.430002 -0.754582 -0.172583 -0.802737 -0.570814 -0.851182 0.413172 -0.323694
27.036894 50.411549 49.153477 0.922907 0.893884 0.444721 0.453725 -0.772241 -0.172505 -0.802663 -0.570942 -0.878900 0.387125 -0.278692
24.693483 50.857597 48.066010 0.300778 0.003452 0.059380 -0.873830 -0.482593 -0.893772 0.168767 -0.415559 0.444574 0.456004 -0.770983
24.693483 50.857597 48.066010 0.300778 0.003452 0.502146 -0.835425 -0.223414 -0.770259 -0.314632 -0.554714 0.393129 0.450634 -0.801485
24.693483 50.857597 48.066010 0.926232 0.906437 0.444721 0.453725 -0.772241 -0.172505 -0.802663 -0.570942 -0.878900 0.387125 -0.278692
24.693483 50.857597 48.066010 0.926232 0.906437 0.393879 0.449337 -0.801845 -0.186204 -0.815270 -0.548327 -0.900104 0.365282 -0.237449
22.670008 50.034119 46.610588 0.399839 0.003452 0.502146 -0.835425 -0.223414 -0.770271 -0.314645 -0.554691 0.393107 0.450625 -0.801501
22.670008 50.034119 46.610588 0.399839 0.003452 0.824437 -0.561599 0.070080 -0.439905 -0.713792 -0.544962 0.356073 0.418458 -0.835527
22.670008 50.034119 46.610588 0.935407 0.915651 0.393879 0.449337 -0.801845 -0.186204 -0.815270 -0.548327 -0.900104 0.365282 -0.237449
22.670008 50.034119 46.610588 0.935407 0.915651 0.356842 0.417919 -0.835468 -0.209797 -0.835649 -0.507618 -0.910301 0.356419 -0.210517
21.513590 48.159599 45.178978 0.501487 0.003452 0.824437 -0.561599 0.070080 -0.439909 -0.713797 -0.544953 0.356068 0.418451 -0.835533
21.513590 48.159599 45.178978 0.501487 0.003452 0.939391 -0.125795 0.318937 0.008646 -0.921267 -0.388834 0.342740 0.368024 -0.864342
21.513590 48.159599 45.178978 0.947974 0.919028 0.356842 0.417919 -0.835468 -0.209797 -0.835649 -0.507618 -0.910301 0.356419 -0.210517
21.513590 48.159599 45.178978 0.947974 0.919028 0.343658 0.367914 -0.864024 -0.236450 -0.856520 -0.458765 -0.908840 0.361957 -0.207356
21.537468 45.739437 44.157936 0.604465 0.003452 0.939391 -0.125795 0.318937 0.008651 -0.921263 -0.388845 0.342740 0.368037 -0.864337
21.537468 45.739437 44.157936 0.604465 0.003452 0.816110 0.354728 0.456215 0.454793 -0.881306 -0.128311 0.356549 0.312199 -0.880570
21.537468 45.739437 44.157936 0.960540 0.915651 0.343658 0.367914 -0.864024 -0.236450 -0.856520 -0.458765 -0.908840 0.361957 -0.207356
21.537468 45.739437 44.157936 0.960540 0.915651 0.357871 0.312808 -0.879818 -0.258772 -0.872094 -0.415318 -0.897199 0.376302 -0.231151
22.733761 43.427391 43.822517 0.708037 0.003452 0.816110 0.354728 0.456215 0.454803 -0.881297 -0.128337 0.356536 0.312226 -0.880567
22.733761 43.427391 43.822517 0.708037 0.003452 0.487977 0.750812 0.445151 0.778726 -0.604857 0.166535 0.394289 0.265385 -0.879834
22.733761 43.427391 43.822517 0.969714 0.906439 0.357871 0.312808 -0.879818 -0.258772 -0.872094 -0.415318 -0.897199 0.376302 -0.231151
22.733761 43.427391 43.822517 0.969714 0.906439 0.395593 0.267472 -0.878616 -0.271225 -0.879964 -0.390000 -0.877464 0.392584 -0.275562
24.777058 41.845123 44.260818 0.811756 0.003452 0.487977 0.750812 0.445151 0.778742 -0.604846 0.166499 0.394257 0.265410 -0.879840
24.777058 41.845123 44.260818 0.811052 0.003452 0.043440 0.956343 0.289002 -0.893734 0.166480 -0.416563 0.446490 0.240195 -0.861947
24.777058 41.845123 44.260818 0.973040 0.893888 0.395593 0.267472 -0.878616 -0.271225 -0.879964 -0.390000 -0.877464 0.392584 -0.275562
24.777058 41.845123 44.260818 0.973040 0.893888 0.446619 0.244029 -0.860803 -0.271159 -0.879924 -0.390138 -0.852645 0.407657 -0.326821
27.116417 41.413391 45.352184 0.707262 0.003452 0.043440 0.956343 0.289002 -0.893751 0.166470 -0.416530 0.446456 0.240201 -0.861963
27.116417 41.413391 45.352184 0.707262 0.003452 -0.398300 0.916769 0.029880 -0.769451 -0.316209 -0.554938 0.499302 0.244023 -0.831355
27.116417 41.413391 45.352184 0.969650 0.881375 0.446619 0.244029 -0.860803 -0.271159 -0.879924 -0.390138 -0.852645 0.407657 -0.326821
27.116417 41.413391 45.352184 0.969650 0.881375 0.497241 0.248663 -0.831215 -0.258638 -0.872006 -0.415586 -0.828165 0.421630 -0.369284
29.126495 42.242661 46.802727 0.603871 0.003452 -0.398300 0.916769 0.029880 -0.769467 -0.316217 -0.554913 0.499278 0.244013 -0.831372
29.126495 42.242661 46.802727 0.603871 0.003452 -0.719262 0.643110 -0.262815 -0.439446 -0.714149 -0.544866 0.538098 0.276408 -0.796272
29.126495 42.242661 46.802727 0.960477 0.872237 0.497241 0.248663 -0.831215 -0.258638 -0.872006 -0.415586 -0.828165 0.421630 -0.369284
29.126495 42.242661 46.802727 0.960477 0.872237 0.534002 0.280046 -0.797757 -0.236387 -0.856471 -0.458889 -0.811765 0.433627 -0.391158
17.505089 39.348648 52.590000 0.708838 0.990802 -0.769603 -0.315231 -0.555285 0.453802 -0.881810 -0.128354 -0.449194 -0.350771 0.821696
17.505089 39.348648 52.590000 0.708838 0.990802 -0.439593 -0.713905 -0.545067 0.777807 -0.606053 0.166485 -0.449194 -0.350771 0.821696
30.273584 44.108582 48.225578 0.501226 0.003452 -0.719262 0.643110 -0.262815 -0.439451 -0.714151 -0.544858 0.538094 0.276401 -0.796277
30.273584 44.108582 48.225578 0.501226 0.003452 -0.833915 0.208625 -0.510942 0.007984 -0.921141 -0.389146 0.551835 0.328595 -0.766488
30.273584 44.108582 48.225578 0.947978 0.868896 0.534002 0.280046 -0.797757 -0.236387 -0.856471 -0.458889 -0.811765 0.433627 -0.391158
30.273584 44.108582 48.225578 0.947978 0.868896 0.547126 0.329779 -0.769350 -0.209873 -0.835715 -0.507478 -0.810313 0.439120 -0.388030
30.253752 46.514378 49.242710 0.399935 0.003452 -0.833915 0.208625 -0.510942 0.007991 -0.921137 -0.389156 0.551835 0.328606 -0.766483
30.253752 46.514378 49.242710 0.399935 0.003452 -0.711653 -0.270723 -0.648274 0.453334 -0.881902 -0.129368 0.536691 0.385950 -0.750337
30.253752 46.514378 49.242710 0.935477 0.872233 0.547126 0.329779 -0.769350 -0.209873 -0.835715 -0.507478 -0.810313 0.439120 -0.388030
30.253752 46.514378 49.242710 0.935477 0.872233 0.533131 0.384632 -0.753545 -0.186365 -0.815411 -0.548064 -0.825251 0.432624 -0.363039
26.145908 46.330563 46.242611 0.947974 0.893956 0.495686 0.430002 -0.754582 -0.172583 -0.802737 -0.570814 -0.851182 0.413172 -0.323694
26.145908 46.330563 46.242611 0.947974 0.893956 0.444721 0.453725 -0.772241 -0.172505 -0.802663 -0.570942 -0.878900 0.387125 -0.278692
26.145908 46.330563 46.242611 0.947974 0.893956 0.393879 0.449337 -0.801845 -0.186204 -0.815270 -0.548327 -0.900104 0.365282 -0.237449
26.145908 46.330563 46.242611 0.947974 0.893956 0.356842 0.417919 -0.835468 -0.209797 -0.835649 -0.507618 -0.910301 0.356419 -0.210517
26.145908 46.330563 46.242611 0.947974 0.893956 0.343658 0.367914 -0.864024 -0.236450 -0.856520 -0.458765 -0.908840 0.361957 -0.207356
26.145908 46.330563 46.242611 0.947974 0.893956 0.357871 0.312808 -0.879818 -0.258772 -0.872094 -0.415318 -0.897199 0.376302 -0.231151
26.145908 46.330563 46.242611 0.947974 0.893956 0.395593 0.267472 -0.878616 -0.271225 -0.879964 -0.390000 -0.877464 0.392584 -0.275562
26.145908 46.330563 46.242611 0.947974 0.893956 0.446619 0.244029 -0.860803 -0.271159 -0.879924 -0.390138 -0.852645 0.407657 -0.326821
26.145908 46.330563 46.242611 0.947974 0.893956 0.497241 0.248663 -0.831215 -0.258638 -0.872006 -0.415586 -0.828165 0.421630 -0.369284
26.145908 46.330563 46.242611 0.947974 0.893956 0.534002 0.280046 -0.797757 -0.236387 -0.856471 -0.458889 -0.811765 0.433627 -0.391158
26.145908 46.330563 46.242611 0.947974 0.893956 0.547126 0.329779 -0.769350 -0.209873 -0.835715 -0.507478 -0.810313 0.439120 -0.388030
26.145908 46.330563 46.242611 0.947974 0.893956 0.533131 0.384632 -0.753545 -0.186365 -0.815411 -0.548064 -0.825251 0.432624 -0.363039
19.723217 37.620323 53.064777 0.811756 0.990802 -0.439593 -0.713905 -0.545067 0.777807 -0.606053 0.166485 -0.449194 -0.350771 0.821696
19.723217 37.620323 53.064777 0.811052 0.990802 0.008203 -0.921286 -0.388800 -0.893396 0.167906 -0.416715 -0.449195 -0.350771 0.821696
22.270979 37.141487 54.253151 0.708166 0.990802 0.008203 -0.921286 -0.388800 -0.893397 0.167906 -0.416714 -0.449194 -0.350771 0.821696
22.270979 37.141487 54.253151 0.708166 0.990802 0.453804 -0.881809 -0.128354 -0.769603 -0.315233 -0.555284 -0.449193 -0.350772 0.821697
24.465708 38.040462 55.836693 0.605453 0.990802 0.453804 -0.881809 -0.128354 -0.769603 -0.315234 -0.555283 -0.449192 -0.350771 0.821697
24.465708 38.040462 55.836693 0.605453 0.990802 0.777808 -0.606051 0.166485 -0.439591 -0.713905 -0.545068 -0.449193 -0.350773 0.821695
Indices
6
38 0 10
38 6 13
80 39 17
80 13 14
123 81 18
123 14 19
164 122 22
164 19 23
206 165 26
206 23 27
248 207 30
248 27 31
270 249 34
270 31 35
272 271 40
272 35 41
274 273 44
274 41 45
2 275 48
2 45 49
4 3 52
4 49 53
1 5 7
1 53 57
11 8 61
11 57 62
15 12 66
15 62 67
20 16 70
20 67 71
24 21 74
24 71 75
28 25 78
28 75 79
32 29 84
32 79 85
36 33 88
36 85 89
42 37 92
42 89 93
46 43 96
46 93 97
50 47 100
50 97 101
54 51 104
54 101 105
9 55 58
9 105 59
113 63 109
113 59 60
114 64 110
114 60 65
118 68 115
118 65 119
72 69 124
72 119 125
76 73 128
76 125 129
82 77 132
82 129 133
86 83 136
86 133 137
90 87 140
90 137 141
94 91 144
94 141 145
98 95 148
98 145 149
102 99 152
102 149 103
106 56 153
106 103 156
111 107 160
111 156 161
116 112 166
116 161 167
120 117 170
120 167 171
126 121 174
126 171 175
130 127 178
130 175 179
134 131 182
134 179 183
138 135 186
138 183 187
142 139 190
142 187 191
146 143 194
146 191 195
150 147 198
150 195 199
154 151 202
154 199 203
108 155 157
108 203 208
162 158 212
162 208 213
168 163 216
168 213 217
172 169 220
172 217 221
176 173 224
176 221 225
180 177 228
180 225 229
184 181 232
184 229 233
188 185 236
188 233 237
192 189 240
192 237 241
196 193 244
196 241 245
200 197 250
200 245 251
204 201 254
204 251 255
159 205 209
159 255 258
214 210 259
218 215 260
222 219 261
226 223 262
230 227 263
234 231 264
238 235 265
242 239 266
246 243 267
252 247 268
256 253 269
211 257