VertexCount: 931
TriangleCount: 1740
Vertices
-44.493790 38.438210 294.749359 -4.713431 7.733473 0.140547 0.895940 -0.421353 0.283498 -0.444175 -0.849904 -0.948618 -0.000001 -0.316425
33.827503 -27.443087 186.361115 1.073348 5.804547 0.000000 1.000000 0.000000 0.316426 0.000000 -0.948617 -0.948617 0.000000 -0.316426
36.991768 -27.443087 176.874939 1.555579 5.804547 0.000000 1.000000 -0.000000 0.316427 0.000000 -0.948617 -0.948617 -0.000000 -0.316427
40.156033 -27.443087 167.388763 2.037810 5.804547 0.000000 1.000000 0.000000 0.316427 0.000000 -0.948617 -0.948617 0.000000 -0.316427
43.320293 -27.443087 157.902588 2.520041 5.804547 0.000000 1.000000 -0.000000 0.316426 -0.000000 -0.948617 -0.948617 -0.000000 -0.316426
46.484558 -27.443087 148.416412 3.002274 5.804547 0.000000 1.000000 -0.000000 0.316426 -0.000000 -0.948617 -0.948617 -0.000000 -0.316426
49.648827 -27.443087 138.930252 3.484505 5.804547 0.000000 1.000000 -0.000000 0.316427 -0.000000 -0.948617 -0.948617 -0.000000 -0.316427
52.813087 -27.443087 129.444077 3.966736 5.804547 -0.062119 0.997586 0.031043 0.313754 0.049045 -0.948237 -0.947470 -0.049164 -0.316043
55.977352 -27.443087 119.957901 4.448968 5.804547 -0.153336 0.988174 0.001096 0.318231 0.050430 -0.946671 -0.935530 -0.144810 -0.322201
59.141617 -27.443087 110.471741 4.931200 5.804547 -0.066330 0.997467 0.025692 0.310157 0.045085 -0.949616 -0.948369 -0.055020 -0.312362
62.305882 -27.443087 100.985565 5.413431 5.804547 0.058712 0.991337 0.117486 0.299914 0.094736 -0.949251 -0.952158 0.090969 -0.291753
-10.445709 -17.618847 192.676392 0.108884 7.733473 -0.004144 0.993443 0.114250 0.310738 0.109874 -0.944124 -0.950486 0.031590 -0.309156
2.937057 38.438210 310.570679 -4.713431 5.322315 -0.045227 0.904700 -0.423643 0.294713 -0.393119 -0.870978 -0.954515 -0.164245 -0.248847
6.101334 33.701111 301.084503 -4.231200 5.322315 -0.066448 0.902001 -0.426590 0.287060 -0.392178 -0.873952 -0.955605 -0.180529 -0.232869
9.265594 29.478827 291.598358 -3.748968 5.322315 -0.158827 0.953664 -0.255537 0.310542 -0.197432 -0.929830 -0.937197 -0.227037 -0.264796
12.429863 29.553373 282.112183 -3.266737 5.322315 -0.150449 0.909672 -0.387120 0.306151 -0.329458 -0.893157 -0.940019 -0.252892 -0.228930
15.594124 22.041990 272.626007 -2.784505 5.322315 -0.123536 0.773607 -0.621507 0.257050 -0.579981 -0.773012 -0.958470 -0.255253 -0.127207
18.758385 16.461267 263.139832 -2.302273 5.322315 -0.047010 0.660515 -0.749339 0.220651 -0.724771 -0.652702 -0.974219 -0.196026 -0.111671
21.922653 -1.019453 253.653656 -1.820042 5.322315 0.107217 0.529709 -0.841376 0.169011 -0.843647 -0.509602 -0.979765 -0.087564 -0.179980
27.492348 -16.499119 236.956207 -1.337810 5.322315 -0.123594 0.910426 -0.394777 0.298408 -0.345315 -0.889781 -0.946402 -0.227776 -0.228999
30.656616 -19.197754 227.470032 -0.855579 5.322315 -0.228147 0.969256 -0.092147 0.331359 -0.011696 -0.943432 -0.915506 -0.245775 -0.318503
33.820877 -17.108025 217.983887 -0.373347 5.322315 -0.045844 0.997904 0.045668 0.314222 0.057801 -0.947588 -0.948242 -0.029091 -0.316213
-7.281445 -17.618847 183.190216 0.591116 7.733473 0.289186 0.900353 -0.325171 0.276620 -0.403790 -0.872029 -0.916435 0.162230 -0.365826
36.985146 -17.618847 208.497711 0.108884 5.322315 0.119794 0.925567 -0.359132 0.292874 -0.378584 -0.878008 -0.948617 -0.000000 -0.316427
40.149406 -27.443087 199.011536 0.591116 5.322315 0.119794 0.925567 -0.359131 0.292874 -0.378584 -0.878008 -0.948617 -0.000000 -0.316427
43.313675 -27.443087 189.525360 1.073348 5.322315 0.000000 1.000000 0.000000 0.316426 0.000000 -0.948617 -0.948617 0.000000 -0.316426
46.477936 -27.443087 180.039185 1.555579 5.322315 0.000000 1.000000 -0.000000 0.316427 -0.000000 -0.948617 -0.948617 -0.000000 -0.316427
49.642200 -27.443087 170.553009 2.037810 5.322315 0.000000 1.000000 0.000000 0.316427 0.000000 -0.948617 -0.948617 0.000000 -0.316427
52.806465 -27.443087 161.066864 2.520041 5.322315 0.000000 1.000000 0.000000 0.316426 0.000000 -0.948617 -0.948617 0.000000 -0.316426
55.970730 -27.443087 151.580688 3.002274 5.322315 0.000000 1.000000 -0.000000 0.316426 -0.000000 -0.948617 -0.948617 -0.000000 -0.316426
59.134995 -27.443087 142.094513 3.484505 5.322315 0.000000 1.000000 -0.000000 0.316426 -0.000000 -0.948617 -0.948617 -0.000000 -0.316426
62.299259 -27.443087 132.608337 3.966736 5.322315 -0.092929 0.988173 0.121973 0.312297 0.145249 -0.938815 -0.945428 -0.049152 -0.322102
65.463524 -23.386093 123.122177 4.448968 5.322315 -0.185237 0.978324 0.092570 0.319183 0.148991 -0.935908 -0.929414 -0.143818 -0.339863
-4.117180 -27.443087 173.704041 1.073348 7.733473 0.133927 0.937824 -0.320234 0.299800 -0.346345 -0.888912 -0.944555 0.023043 -0.327545
68.627792 -23.386093 113.636002 4.931200 5.322315 -0.092570 0.978324 -0.185237 0.312012 -0.148165 -0.938454 -0.945558 -0.144669 -0.291533
71.792053 -27.443087 104.149826 5.413431 5.322315 -0.002175 0.952544 -0.304394 0.303496 -0.289408 -0.907818 -0.952830 -0.094357 -0.288464
12.423233 41.248741 313.734955 -4.713431 4.840083 -0.354887 0.863015 -0.359528 0.334987 -0.241645 -0.910710 -0.872834 -0.443636 -0.203342
15.587494 38.567520 304.248779 -4.231200 4.840083 -0.362370 0.832130 -0.419818 0.285823 -0.329514 -0.899848 -0.887126 -0.446072 -0.118436
18.751755 34.345238 294.762604 -3.748968 4.840083 -0.443475 0.834849 -0.326125 0.310321 -0.198339 -0.929711 -0.840852 -0.513507 -0.171113
21.916023 34.319763 285.276428 -3.266737 4.840083 -0.411381 0.814398 -0.409294 0.308030 -0.298411 -0.903365 -0.857836 -0.497702 -0.128098
25.080299 27.712507 275.790253 -2.784505 4.840083 -0.265444 0.732192 -0.627243 0.252771 -0.574973 -0.778147 -0.930401 -0.365103 -0.032453
28.244560 20.825487 266.304077 -2.302273 4.840083 -0.109587 0.621766 -0.775499 0.219999 -0.745675 -0.628943 -0.969325 -0.239533 -0.055072
31.408821 1.785812 256.817932 -1.820042 4.840083 0.028757 0.493968 -0.869004 0.158451 -0.860624 -0.483961 -0.986948 -0.123777 -0.103019
36.978523 -14.158066 240.120483 -1.337810 4.840083 -0.137945 0.905511 -0.401275 0.303648 -0.346974 -0.887360 -0.942746 -0.244253 -0.227093
-0.952915 -27.443087 164.217865 1.555579 7.733473 0.000000 1.000000 -0.000000 0.316427 0.000000 -0.948617 -0.948617 -0.000000 -0.316427
40.142776 -16.856205 230.634308 -0.855579 4.840083 -0.139847 0.968219 -0.207352 0.316379 -0.154739 -0.935928 -0.938268 -0.196488 -0.284684
43.307053 -17.618847 221.148132 -0.373347 4.840083 -0.026695 0.998118 -0.055208 0.316823 -0.043933 -0.947467 -0.948109 -0.042784 -0.315054
46.471313 -17.618847 211.661957 0.108884 4.840083 0.118324 0.922197 -0.368173 0.291852 -0.386700 -0.874806 -0.949116 -0.003941 -0.314901
49.635582 -27.443087 202.175812 0.591116 4.840083 0.119794 0.925567 -0.359132 0.292874 -0.378585 -0.878008 -0.948617 0.000000 -0.316426
52.799843 -27.443087 192.689636 1.073348 4.840083 0.000000 1.000000 0.000000 0.316427 0.000000 -0.948617 -0.948617 0.000000 -0.316427
55.964104 -27.443087 183.203461 1.555579 4.840083 0.000000 1.000000 0.000000 0.316426 0.000000 -0.948617 -0.948617 0.000000 -0.316426
59.128372 -27.443087 173.717285 2.037810 4.840083 0.000000 1.000000 0.000000 0.316427 0.000000 -0.948617 -0.948617 0.000000 -0.316427
62.292637 -27.443087 164.231125 2.520041 4.840083 0.000000 1.000000 0.000000 0.316427 0.000000 -0.948617 -0.948617 0.000000 -0.316427
65.456902 -27.443087 154.744949 3.002274 4.840083 0.000000 1.000000 0.000000 0.316426 0.000000 -0.948617 -0.948617 0.000000 -0.316426
68.621170 -27.443087 145.258774 3.484505 4.840083 0.000000 1.000000 0.000000 0.316426 0.000000 -0.948617 -0.948617 0.000000 -0.316426
2.211349 -27.443087 154.731689 2.037810 7.733473 0.000000 1.000000 -0.000000 0.316427 0.000000 -0.948617 -0.948617 -0.000000 -0.316427
71.785431 -27.443087 135.772614 3.966736 4.840083 -0.060600 0.981490 0.181674 0.310569 0.191515 -0.931058 -0.948617 -0.000000 -0.316426
74.949692 -23.386093 126.286438 4.448968 4.840083 -0.060600 0.981490 0.181674 0.310569 0.191515 -0.931058 -0.948617 -0.000000 -0.316426
78.113960 -23.386093 116.800262 4.931200 4.840083 0.060600 0.981490 -0.181674 0.310569 -0.191515 -0.931058 -0.948617 -0.000000 -0.316426
81.278221 -27.443087 107.314102 5.413431 4.840083 0.118957 0.926644 -0.356623 0.293215 -0.375939 -0.879031 -0.948617 0.000000 -0.316426
21.909409 46.782074 316.899200 -4.713431 4.357852 -0.258067 0.946338 -0.194541 0.327967 -0.103594 -0.938992 -0.908757 -0.306126 -0.283634
25.073669 46.427307 307.413055 -4.231200 4.357852 -0.242585 0.919030 -0.310704 0.308753 -0.230479 -0.922795 -0.919687 -0.319787 -0.227843
28.237930 42.205017 297.926880 -3.748968 4.357852 -0.333095 0.905622 -0.262481 0.298765 -0.162662 -0.940362 -0.894308 -0.391650 -0.216386
31.402199 42.374268 288.440704 -3.266737 4.357852 -0.358854 0.860671 -0.361205 0.310696 -0.254769 -0.915730 -0.880166 -0.440838 -0.175982
34.566460 35.459229 278.954529 -2.784505 4.357852 -0.241393 0.730446 -0.638888 0.244778 -0.591239 -0.768453 -0.939049 -0.341885 -0.036076
37.730721 26.446539 269.468353 -2.302273 4.357852 -0.127475 0.600992 -0.789024 0.209391 -0.761278 -0.613687 -0.969487 -0.243444 -0.028799
5.375613 -27.443087 145.245544 2.520041 7.733473 0.000000 1.000000 -0.000000 0.316426 0.000000 -0.948617 -0.948617 -0.000000 -0.316426
40.894997 10.371645 259.982178 -1.820042 4.357852 -0.027529 0.476228 -0.878891 0.155014 -0.866554 -0.474399 -0.987529 -0.149300 -0.049967
46.464691 -11.444788 243.284760 -1.337810 4.357852 -0.090797 0.881609 -0.463164 0.301137 -0.419007 -0.856592 -0.949249 -0.217251 -0.227440
49.628952 -14.359117 233.798584 -0.855579 4.357852 -0.115358 0.957882 -0.262974 0.300957 -0.218594 -0.928246 -0.946635 -0.186224 -0.263065
52.793221 -16.409395 224.312408 -0.373347 4.357852 -0.058837 0.980571 -0.187134 0.313150 -0.159867 -0.936152 -0.947879 -0.113681 -0.297660
55.957481 -17.618847 214.826233 0.108884 4.357852 0.117694 0.909512 -0.398669 0.287313 -0.415476 -0.863036 -0.950578 -0.012969 -0.310214
59.121750 -27.443087 205.340057 0.591116 4.357852 0.119794 0.925567 -0.359131 0.292874 -0.378584 -0.878008 -0.948617 0.000000 -0.316426
62.286011 -27.443087 195.853882 1.073348 4.357852 0.000000 1.000000 0.000000 0.316427 0.000000 -0.948617 -0.948617 0.000000 -0.316427
65.450279 -27.443087 186.367737 1.555579 4.357852 0.000000 1.000000 0.000000 0.316426 0.000000 -0.948617 -0.948617 0.000000 -0.316426
68.614540 -27.443087 176.881561 2.037810 4.357852 0.000000 1.000000 0.000000 0.316426 0.000000 -0.948617 -0.948617 0.000000 -0.316426
71.778809 -27.443087 167.395386 2.520041 4.357852 0.000000 1.000000 -0.000000 0.316427 -0.000000 -0.948617 -0.948617 -0.000000 -0.316427
8.539878 -27.443087 135.759369 3.002274 7.733473 0.000000 1.000000 -0.000000 0.316426 0.000000 -0.948617 -0.948617 -0.000000 -0.316426
74.943069 -27.443087 157.909210 3.002274 4.357852 0.000000 1.000000 0.000000 0.316426 0.000000 -0.948617 -0.948617 0.000000 -0.316426
78.107330 -27.443087 148.423035 3.484505 4.357852 0.000000 1.000000 0.000000 0.316427 0.000000 -0.948617 -0.948617 0.000000 -0.316427
81.271599 -27.443087 138.936874 3.966736 4.357852 -0.032402 0.985056 0.169160 0.311242 0.170778 -0.934860 -0.949778 0.022358 -0.312125
84.435867 -23.386093 129.450699 4.448968 4.357852 -0.017334 0.979923 0.198622 0.312008 0.194033 -0.930055 -0.949921 0.045850 -0.309107
87.600128 -23.386093 119.964523 4.931200 4.357852 0.014017 0.992177 -0.124050 0.312256 -0.122202 -0.942106 -0.949895 -0.025530 -0.311526
90.764389 -27.443087 110.478363 5.413431 4.357852 -0.002175 0.952544 -0.304394 0.294242 -0.290310 -0.910572 -0.955729 -0.091546 -0.279647
31.395569 47.534256 320.063477 -4.713431 3.875620 -0.050957 0.977514 -0.204622 0.306383 -0.179707 -0.934791 -0.950543 -0.110327 -0.290337
34.559845 46.427307 310.577301 -4.231200 3.875620 -0.023951 0.971910 -0.234131 0.315726 -0.214858 -0.924204 -0.948548 -0.096057 -0.301711
37.724106 43.875412 301.091125 -3.748968 3.875620 -0.120218 0.987405 -0.102856 0.310683 -0.060983 -0.948555 -0.942881 -0.145989 -0.299438
40.888374 45.425346 291.604950 -3.266737 3.875620 -0.181817 0.953216 -0.241497 0.320460 -0.174745 -0.931005 -0.929649 -0.246663 -0.273696
11.704142 -27.443087 126.273193 3.484505 7.733473 0.000000 1.000000 -0.000000 0.316427 0.000000 -0.948617 -0.948617 -0.000000 -0.316427
44.052635 40.333023 282.118805 -2.784505 3.875620 -0.120268 0.799750 -0.588162 0.266509 -0.544704 -0.795154 -0.956299 -0.252382 -0.147630
47.216896 32.379745 272.632629 -2.302273 3.875620 -0.048289 0.633495 -0.772238 0.204143 -0.750561 -0.628478 -0.977750 -0.187996 -0.093079
50.381157 15.737284 263.146454 -1.820042 3.875620 0.053155 0.483535 -0.873710 0.158548 -0.867935 -0.470693 -0.985919 -0.113505 -0.122799
55.950867 -11.513382 246.449005 -1.337810 3.875620 -0.012096 0.857920 -0.513641 0.283433 -0.489669 -0.824554 -0.958916 -0.155557 -0.237240
59.115128 -12.019942 236.962830 -0.855579 3.875620 -0.056681 0.966950 -0.248585 0.309566 -0.219692 -0.925151 -0.949187 -0.129392 -0.286883
62.279388 -15.278453 227.476685 -0.373347 3.875620 0.017848 0.958667 -0.283972 0.303509 -0.275810 -0.912037 -0.952661 -0.069910 -0.295887
65.443657 -17.496305 217.990509 0.108884 3.875620 0.132068 0.894028 -0.428104 0.283599 -0.447913 -0.847907 -0.949805 -0.009429 -0.312700
68.607918 -27.443087 208.504333 0.591116 3.875620 0.119794 0.925567 -0.359131 0.292874 -0.378584 -0.878009 -0.948617 -0.000000 -0.316426
71.772186 -27.443087 199.018158 1.073348 3.875620 0.000000 1.000000 -0.000000 0.316426 -0.000000 -0.948617 -0.948617 -0.000000 -0.316426
74.936447 -27.443087 189.531982 1.555579 3.875620 0.000000 1.000000 0.000000 0.316427 0.000000 -0.948617 -0.948617 0.000000 -0.316427
14.868406 -27.443087 116.787018 3.966736 7.733473 0.000000 1.000000 -0.000000 0.316426 0.000000 -0.948617 -0.948617 -0.000000 -0.316426
78.100716 -27.443087 180.045822 2.037810 3.875620 0.000000 1.000000 -0.000000 0.316426 -0.000000 -0.948617 -0.948617 -0.000000 -0.316426
81.264977 -27.443087 170.559647 2.520041 3.875620 0.000000 1.000000 -0.000000 0.316427 -0.000000 -0.948617 -0.948617 -0.000000 -0.316427
84.429245 -27.443087 161.073471 3.002274 3.875620 0.000000 1.000000 0.000000 0.316427 0.000000 -0.948617 -0.948617 0.000000 -0.316427
87.593506 -27.443087 151.587311 3.484505 3.875620 0.000000 1.000000 0.000000 0.316426 0.000000 -0.948617 -0.948617 0.000000 -0.316426
90.757767 -27.443087 142.101135 3.966736 3.875620 0.014935 0.993571 0.112223 0.316236 0.101780 -0.943205 -0.948563 0.049576 -0.312683
93.922035 -25.272799 132.614960 4.448968 3.875620 0.031854 0.975604 0.217214 0.304172 0.197554 -0.931908 -0.952084 0.095756 -0.290459
97.086304 -23.386093 123.128799 4.931200 3.875620 -0.014237 0.998918 0.044282 0.316070 0.046511 -0.947595 -0.948629 0.000506 -0.316390
100.250565 -23.386093 113.642624 5.413431 3.875620 -0.062240 0.990260 -0.124545 0.314966 -0.098923 -0.943934 -0.947060 -0.097978 -0.305741
40.881744 51.384956 323.227753 -4.713431 3.393389 0.027051 0.927496 -0.372852 0.287793 -0.364422 -0.885648 -0.957310 -0.083346 -0.276785
44.046005 46.543182 313.741577 -4.231200 3.393389 0.025930 0.963614 -0.266037 0.304409 -0.261099 -0.916058 -0.952188 -0.057230 -0.300103
18.032671 -27.443087 107.300842 4.448968 7.733473 0.000000 1.000000 -0.000000 0.316426 0.000000 -0.948617 -0.948617 -0.000000 -0.316426
-41.329536 33.480553 285.263184 -4.231200 7.733473 0.131876 0.909013 -0.395353 0.287636 -0.416768 -0.862305 -0.948617 -0.000000 -0.316426
47.210266 45.425346 304.255402 -3.748968 3.393389 0.023986 0.999193 -0.032225 0.315773 -0.038157 -0.948067 -0.948532 0.012565 -0.316433
50.374535 47.677475 294.769226 -3.266737 3.393389 0.121475 0.984198 -0.128835 0.310528 -0.160962 -0.936837 -0.942771 0.073795 -0.325174
53.538811 42.918457 285.283051 -2.784505 3.393389 0.188246 0.882796 -0.430390 0.278250 -0.468208 -0.838664 -0.941881 0.038119 -0.333776
56.703072 36.888672 275.796875 -2.302273 3.393389 0.213457 0.688907 -0.692707 0.219420 -0.724741 -0.653151 -0.951993 -0.012575 -0.305861
59.867332 19.164087 266.310699 -1.820042 3.393389 0.248381 0.498347 -0.830636 0.157512 -0.866875 -0.472989 -0.955770 -0.013354 -0.293811
65.437027 -8.848412 249.613281 -1.337810 3.393389 0.080229 0.814248 -0.574947 0.254305 -0.574439 -0.778042 -0.963791 -0.083791 -0.253154
68.601303 -11.343412 240.127106 -0.855579 3.393389 0.086695 0.954359 -0.285802 0.302476 -0.298555 -0.905192 -0.949206 -0.007972 -0.314554
71.765564 -14.824867 230.640930 -0.373347 3.393389 0.216400 0.917452 -0.333845 0.285514 -0.386468 -0.876997 -0.933623 0.094465 -0.345577
74.929817 -17.496305 221.154755 0.108884 3.393389 0.398417 0.871763 -0.285120 0.313875 -0.421676 -0.850689 -0.861827 0.249437 -0.441627
78.094093 -27.443087 211.668579 0.591116 3.393389 -0.049157 0.940327 -0.336704 0.285332 -0.309842 -0.906964 -0.957167 -0.140656 -0.253074
21.196936 -27.443087 97.814682 4.931200 7.733473 -0.108979 0.938821 0.326710 0.297068 0.344407 -0.890581 -0.948617 0.000000 -0.316426
81.258347 -27.443087 202.182434 1.073348 3.393389 -0.011192 0.996862 -0.078359 0.318016 -0.070747 -0.945442 -0.948019 -0.035501 -0.316226
84.422623 -27.443087 192.696259 1.555579 3.393389 0.010854 0.999857 -0.012936 0.316295 -0.015706 -0.948531 -0.948599 0.006204 -0.316421
87.586884 -27.443087 183.210083 2.037810 3.393389 0.067903 0.997616 -0.012279 0.315376 -0.033139 -0.948388 -0.946534 0.060526 -0.316875
90.751144 -27.443087 173.723907 2.520041 3.393389 0.119968 0.992539 0.021766 0.316684 -0.017480 -0.948370 -0.940914 0.120667 -0.316418
93.915413 -27.443087 164.237747 3.002274 3.393389 0.118083 0.992027 0.044035 0.316340 0.004454 -0.948635 -0.941268 0.125947 -0.313291
97.079674 -27.443087 154.751572 3.484505 3.393389 0.074414 0.995439 0.059698 0.315827 0.033257 -0.948234 -0.945894 0.089416 -0.311911
100.243942 -27.443087 145.265396 3.966736 3.393389 0.035082 0.996916 0.070201 0.318865 0.055407 -0.946179 -0.947151 0.055578 -0.315937
103.408203 -27.443087 135.779236 4.448968 3.393389 -0.010802 0.979531 0.201004 0.312015 0.194281 -0.930001 -0.950016 0.052670 -0.307727
106.572472 -23.386093 126.293060 4.931200 3.393389 0.061024 0.990090 0.126485 0.306099 0.102052 -0.946514 -0.950042 0.096477 -0.296838
109.736732 -23.386093 116.806885 5.413431 3.393389 0.175859 0.980485 -0.087883 0.318921 -0.141205 -0.937204 -0.931323 0.136787 -0.337529
24.361198 -18.965118 88.328506 5.413431 7.733473 -0.204624 0.762768 0.613444 0.241360 0.646672 -0.723575 -0.948617 0.000000 -0.316426
50.367920 51.384956 326.391998 -4.713431 2.911157 0.101592 0.910003 -0.401961 0.288111 -0.413649 -0.863647 -0.952193 -0.028070 -0.304206
53.532181 46.463478 316.905853 -4.231200 2.911157 0.073446 0.953701 -0.291651 0.302525 -0.299967 -0.904709 -0.950308 -0.021785 -0.310549
56.696442 44.916595 307.419678 -3.748968 2.911157 0.169088 0.973479 -0.154101 0.300987 -0.199885 -0.932445 -0.938518 0.111283 -0.326803
59.860710 42.237503 297.933502 -3.266737 2.911157 0.375887 0.914302 -0.150864 0.323000 -0.281865 -0.903450 -0.868550 0.290866 -0.401269
63.024971 39.354454 288.447327 -2.784505 2.911157 0.448521 0.857886 -0.250722 0.284498 -0.402966 -0.869873 -0.847284 0.318826 -0.424806
66.189232 34.144341 278.961151 -2.302273 2.911157 0.453982 0.685091 -0.569693 0.221045 -0.705988 -0.672845 -0.863156 0.179532 -0.471942
69.353508 15.790781 269.474976 -1.820042 2.911157 0.405502 0.518187 -0.753027 0.167656 -0.851983 -0.496001 -0.898588 0.074880 -0.432358
74.923203 -6.466362 252.777527 -1.337810 2.911157 0.213082 0.772063 -0.598761 0.245386 -0.635481 -0.732086 -0.945718 0.009067 -0.324863
78.087463 -13.547709 243.291382 -0.855579 2.911157 0.185139 0.913706 -0.361752 0.289874 -0.402512 -0.868307 -0.938987 0.055895 -0.339380
81.251724 -16.409395 233.805206 -0.373347 2.911157 0.231318 0.887095 -0.399442 0.282039 -0.454093 -0.845136 -0.931099 0.082837 -0.355235
-35.007622 38.438210 297.913635 -4.713431 7.251242 0.140549 0.895940 -0.421353 0.283499 -0.444176 -0.849904 -0.948617 -0.000000 -0.316426
84.416000 -27.443087 224.319031 0.108884 2.911157 0.148164 0.960450 -0.235761 0.300030 -0.270811 -0.914682 -0.942353 0.064788 -0.328288
87.580261 -21.535585 214.832855 0.591116 2.911157 -0.125680 0.962109 -0.241973 0.325805 -0.190351 -0.926076 -0.937046 -0.195225 -0.289537
90.744522 -27.443087 205.346680 1.073348 2.911157 0.029944 0.978588 -0.203638 0.310678 -0.202751 -0.928640 -0.950043 -0.035458 -0.310097
93.908791 -27.443087 195.860519 1.555579 2.911157 0.020759 0.998876 -0.042610 0.316046 -0.046990 -0.947580 -0.948517 0.006204 -0.316666
97.073051 -28.701900 186.374344 2.037810 2.911157 0.088904 0.993195 -0.075235 0.315212 -0.099707 -0.943769 -0.944848 0.060190 -0.321931
100.237320 -30.114382 176.888168 2.520041 2.911157 0.131281 0.991276 -0.011678 0.316340 -0.053053 -0.947161 -0.939518 0.120650 -0.320545
103.401581 -30.114382 167.402008 3.002274 2.911157 0.115219 0.991944 0.052652 0.316300 0.013610 -0.948562 -0.941636 0.125946 -0.312184
106.565849 -29.753862 157.915833 3.484505 2.911157 0.079379 0.990807 0.109544 0.314336 0.079405 -0.945985 -0.945987 0.109525 -0.305144
109.730110 -27.443087 148.429657 3.966736 2.911157 0.039001 0.993867 0.103475 0.315094 0.086038 -0.945153 -0.948259 0.069466 -0.309806
112.894379 -27.443087 138.943497 4.448968 2.911157 -0.004091 0.982135 0.188133 0.309553 0.180138 -0.933664 -0.950874 0.054417 -0.304759
-31.843353 33.480553 288.427460 -4.231200 7.251242 0.131877 0.909013 -0.395354 0.287636 -0.416768 -0.862305 -0.948617 0.000000 -0.316427
116.058640 -23.386093 129.457321 4.931200 2.911157 0.140675 0.989513 0.032782 0.324131 -0.014744 -0.945897 -0.935494 0.143689 -0.322806
119.222900 -29.294872 119.971146 5.413431 2.911157 0.299465 0.918274 -0.259023 0.315029 -0.351421 -0.881623 -0.900599 0.182415 -0.394521
59.854080 51.384956 329.556274 -4.713431 2.428926 0.085939 0.931712 -0.352883 0.295913 -0.362080 -0.883931 -0.951341 -0.028459 -0.306823
63.018356 47.880562 320.070099 -4.231200 2.428926 0.072015 0.949099 -0.306636 0.299602 -0.313821 -0.900974 -0.951342 -0.026985 -0.306952
66.182617 44.677582 310.583923 -3.748968 2.428926 0.159282 0.925218 -0.344384 0.291509 -0.377361 -0.878989 -0.943214 0.039616 -0.329816
69.346886 38.447563 301.097748 -3.266737 2.428926 0.259379 0.914209 -0.311358 0.294342 -0.381885 -0.876086 -0.919829 0.135592 -0.368143
72.511147 34.938187 291.611572 -2.784505 2.428926 0.323841 0.894127 -0.309295 0.289980 -0.404981 -0.867123 -0.900577 0.191120 -0.390428
75.675407 29.821367 282.125427 -2.302273 2.428926 0.406588 0.682283 -0.607599 0.222298 -0.718946 -0.658560 -0.886155 0.132694 -0.443985
78.839668 12.325026 272.639252 -1.820042 2.428926 0.345570 0.577024 -0.740017 0.181613 -0.814815 -0.550539 -0.920651 0.055853 -0.386371
84.409378 -7.242615 255.941803 -1.337810 2.428926 0.206222 0.763064 -0.612540 0.241361 -0.646321 -0.723888 -0.948271 0.001438 -0.317459
-28.679092 29.258268 278.941284 -3.748968 7.251242 0.062790 0.980114 -0.188238 0.310134 -0.198434 -0.929753 -0.948617 0.000000 -0.316427
87.573639 -13.589562 246.455627 -0.855579 2.428926 0.107019 0.912951 -0.393786 0.290241 -0.407496 -0.865856 -0.950951 -0.021630 -0.308586
90.737900 -16.687634 236.969452 -0.373347 2.428926 -0.013525 0.920077 -0.391503 0.301548 -0.369556 -0.878918 -0.953355 -0.129944 -0.272450
93.902161 -20.532036 227.483307 0.108884 2.428926 -0.270540 0.907318 -0.321842 0.312713 -0.233358 -0.920736 -0.910505 -0.349740 -0.220598
97.066437 -21.535585 217.997131 0.591116 2.428926 0.062034 0.963047 -0.262092 0.302241 -0.268394 -0.914667 -0.951211 -0.022474 -0.307722
100.230698 -27.443087 208.510956 1.073348 2.428926 0.084796 0.965975 -0.244338 0.305775 -0.258617 -0.916307 -0.948320 0.002986 -0.317301
103.394958 -27.443087 199.024780 1.555579 2.428926 0.019799 0.998040 -0.059355 0.315806 -0.062570 -0.946759 -0.948617 0.000000 -0.316426
106.559227 -28.701900 189.538605 2.037810 2.428926 0.041889 0.991199 -0.125579 0.313642 -0.132382 -0.940268 -0.948617 -0.000000 -0.316427
109.723488 -30.114382 180.052444 2.520041 2.428926 0.022182 0.997540 -0.066500 0.315648 -0.070102 -0.946283 -0.948617 -0.000000 -0.316426
112.887756 -30.114382 170.566269 3.002274 2.428926 -0.005701 0.999838 0.017091 0.316375 0.018017 -0.948463 -0.948617 -0.000000 -0.316426
116.052017 -29.753862 161.080093 3.484505 2.428926 -0.002984 0.997276 0.073706 0.316084 0.070868 -0.946081 -0.948726 0.020474 -0.315435
-25.514824 29.258268 269.455109 -3.266737 7.251242 0.129939 0.911794 -0.389547 0.288516 -0.410647 -0.864944 -0.948617 -0.000000 -0.316426
119.216278 -29.103109 151.593933 3.966736 2.428926 0.002800 0.992574 0.121612 0.313936 0.114592 -0.942504 -0.949440 0.040817 -0.311283
122.380547 -27.443087 142.107758 4.448968 2.428926 0.039776 0.988453 0.146215 0.314300 0.126526 -0.940854 -0.948490 0.083378 -0.305638
125.544807 -26.252054 132.621582 4.931200 2.428926 0.145178 0.988280 -0.047181 0.314223 -0.091272 -0.944951 -0.938183 0.122361 -0.323791
128.709076 -29.294872 123.135422 5.413431 2.428926 0.203676 0.945541 -0.253907 0.291990 -0.306207 -0.906079 -0.934483 0.110408 -0.338455
69.340256 51.392395 332.720551 -4.713431 1.946694 0.154679 0.927923 -0.339167 0.292512 -0.370920 -0.881394 -0.943669 0.037123 -0.328802
72.504517 47.768211 323.234375 -4.231200 1.946694 0.077425 0.962936 -0.258381 0.304852 -0.269612 -0.913441 -0.949247 -0.008044 -0.314427
75.668777 44.730247 313.748199 -3.748968 1.946694 0.035489 0.920026 -0.390248 0.281687 -0.383870 -0.879373 -0.958850 -0.078719 -0.272782
78.833046 37.436470 304.262024 -3.266737 1.946694 0.005166 0.906530 -0.422110 0.297449 -0.404402 -0.864860 -0.954724 -0.121088 -0.271736
81.997322 36.076035 294.775848 -2.784505 1.946694 0.085248 0.887296 -0.453253 0.279628 -0.457932 -0.843864 -0.956316 -0.054805 -0.287150
85.161583 26.274862 285.289673 -2.302273 1.946694 0.228036 0.670110 -0.706365 0.211761 -0.742247 -0.635788 -0.950346 -0.004598 -0.311163
-22.350563 17.958902 259.968933 -2.784505 7.251242 0.233212 0.722436 -0.650921 0.228448 -0.691347 -0.685456 -0.945211 0.011155 -0.326270
88.325844 12.000933 275.803497 -1.820042 1.946694 0.155082 0.637985 -0.754271 0.204735 -0.767688 -0.607239 -0.966454 -0.060254 -0.249672
93.895538 -7.074253 259.106079 -1.337810 1.946694 0.125871 0.742738 -0.657645 0.236063 -0.666301 -0.707331 -0.963551 -0.066213 -0.259201
97.059814 -13.141058 249.619904 -0.855579 1.946694 0.083040 0.917827 -0.388199 0.292839 -0.394820 -0.870840 -0.952549 -0.041365 -0.301561
100.224075 -14.426013 240.133728 -0.373347 1.946694 0.040743 0.967820 -0.248325 0.306459 -0.248657 -0.918832 -0.951011 -0.038666 -0.306728
103.388336 -16.834129 230.647552 0.108884 1.946694 -0.114144 0.956638 -0.267981 0.307157 -0.222545 -0.925272 -0.944789 -0.187927 -0.268436
106.552597 -22.716362 221.161392 0.591116 1.946694 -0.113147 0.914654 -0.388079 0.278083 -0.345825 -0.896144 -0.953870 -0.209314 -0.215221
109.716873 -27.443087 211.675217 1.073348 1.946694 -0.176977 0.914510 -0.363800 0.313724 -0.297937 -0.901560 -0.932875 -0.273688 -0.234176
112.881134 -27.443087 202.189041 1.555579 1.946694 -0.004048 0.985346 -0.170521 0.317772 -0.160416 -0.934498 -0.948159 -0.057970 -0.312466
116.045387 -28.701900 192.702881 2.037810 1.946694 0.041889 0.991199 -0.125579 0.313641 -0.132382 -0.940268 -0.948617 -0.000000 -0.316426
119.209663 -30.114382 183.216705 2.520041 1.946694 0.022182 0.997540 -0.066500 0.315648 -0.070102 -0.946283 -0.948617 -0.000000 -0.316427
-19.186295 10.259169 250.482758 -2.302273 7.251242 0.253150 0.748842 -0.612496 0.237571 -0.661851 -0.710994 -0.937803 0.034477 -0.345451
122.373917 -30.114382 173.730530 3.002274 1.946694 -0.005701 0.999838 0.017091 0.316375 0.018017 -0.948463 -0.948617 -0.000000 -0.316426
125.538193 -29.753862 164.244370 3.484505 1.946694 0.020353 0.999350 0.029748 0.315569 0.021812 -0.948652 -0.948685 0.028695 -0.314920
128.702454 -29.103109 154.758194 3.966736 1.946694 0.081649 0.992304 0.093088 0.315886 0.062819 -0.946715 -0.945278 0.106703 -0.308326
131.866714 -27.443087 145.272018 4.448968 1.946694 0.149757 0.981964 0.115410 0.315512 0.063162 -0.946817 -0.937030 0.178205 -0.300362
135.568985 -28.547239 134.172958 4.931200 1.946694 0.209883 0.977410 -0.024891 0.325733 -0.093905 -0.940787 -0.921871 0.189347 -0.338084
138.195251 -29.294872 126.299683 5.413431 1.946694 0.230118 0.965818 -0.119334 0.293890 -0.185870 -0.937593 -0.927725 0.180686 -0.326616
78.826431 51.398453 335.884796 -4.713431 1.464463 0.133833 0.910285 -0.391754 0.288035 -0.413974 -0.863517 -0.948222 0.002728 -0.317597
81.990692 46.143349 326.398621 -4.231200 1.464463 -0.062909 0.986613 -0.150459 0.314599 -0.123467 -0.941161 -0.947138 -0.106542 -0.302620
85.154953 48.658478 316.912476 -3.748968 1.464463 -0.270041 0.924076 -0.270484 0.334473 -0.173397 -0.926316 -0.902887 -0.340613 -0.262255
88.319221 40.670990 307.426270 -3.266737 1.464463 -0.325741 0.814240 -0.480527 0.269069 -0.407393 -0.872716 -0.906363 -0.413574 -0.086382
-16.022034 -0.166355 240.996613 -1.820042 7.251242 0.296183 0.679402 -0.671333 0.215802 -0.732296 -0.645889 -0.930433 0.046426 -0.363510
91.483482 38.284767 297.940125 -2.784505 1.464463 -0.207464 0.774683 -0.597349 0.270962 -0.541235 -0.796018 -0.939967 -0.327004 -0.097623
94.647743 26.166113 288.453949 -2.302273 1.464463 0.002214 0.634286 -0.773095 0.218119 -0.754789 -0.618642 -0.975920 -0.167257 -0.140021
97.812019 16.990320 278.967773 -1.820042 1.464463 0.039165 0.634561 -0.771879 0.202387 -0.761499 -0.615759 -0.978522 -0.132102 -0.158251
103.381714 -4.696318 262.270325 -1.337810 1.464463 0.090558 0.718454 -0.689654 0.224903 -0.689363 -0.688619 -0.970164 -0.092745 -0.224010
106.545975 -13.048306 252.784149 -0.855579 1.464463 0.029254 0.883866 -0.466825 0.286119 -0.454888 -0.843335 -0.957748 -0.108897 -0.266198
109.710236 -16.310282 243.298004 -0.373347 1.464463 0.029877 0.975375 -0.218519 0.309531 -0.216898 -0.925822 -0.950420 -0.039978 -0.308389
112.874512 -15.865499 233.811829 0.108884 1.464463 -0.053686 0.992847 -0.106647 0.322850 -0.083807 -0.942733 -0.944926 -0.085042 -0.316041
116.038773 -16.354229 224.325653 0.591116 1.464463 -0.149487 0.923638 -0.352911 0.334220 -0.288712 -0.897186 -0.930565 -0.252067 -0.265539
119.203033 -19.610731 214.839478 1.073348 1.464463 0.088916 0.906540 -0.412648 0.282569 -0.420226 -0.862302 -0.955117 -0.039930 -0.293525
122.367294 -27.443087 205.353317 1.555579 1.464463 0.071216 0.969721 -0.233602 0.306951 -0.244138 -0.919879 -0.949057 -0.006194 -0.315043
-10.452332 -18.336571 224.299164 -1.337810 7.251242 0.268544 0.819547 -0.506189 0.260950 -0.567736 -0.780756 -0.927248 0.077577 -0.366323
-38.165260 29.258268 275.777008 -3.748968 7.733473 0.062791 0.980114 -0.188238 0.310134 -0.198435 -0.929753 -0.948617 0.000001 -0.316427
125.531570 -28.701900 195.867142 2.037810 1.464463 -0.025935 0.993195 -0.113541 0.314050 -0.099734 -0.944153 -0.949052 -0.060144 -0.309326
128.695831 -30.114382 186.380966 2.520041 1.464463 -0.097980 0.991276 -0.088152 0.314019 -0.053258 -0.947922 -0.944348 -0.120559 -0.306061
131.860092 -30.114382 176.894806 3.002274 1.464463 -0.088320 0.995056 -0.045433 0.316185 -0.015246 -0.948575 -0.944578 -0.098143 -0.313275
135.024353 -29.753862 167.408630 3.484505 1.464463 0.017725 0.997611 -0.066770 0.315800 -0.068948 -0.946317 -0.948660 -0.004313 -0.316267
138.188629 -31.413885 157.922455 3.966736 1.464463 0.114841 0.993364 -0.006221 0.322704 -0.043228 -0.945512 -0.939507 0.106576 -0.325527
141.352890 -31.630413 148.436279 4.448968 1.464463 0.122163 0.987930 0.095238 0.314870 0.052423 -0.947686 -0.941240 0.145760 -0.304666
144.517151 -30.309048 138.950119 4.931200 1.464463 0.169371 0.984981 -0.033545 0.306566 -0.085002 -0.948046 -0.936659 0.150288 -0.316359
147.681427 -32.812973 129.463943 5.413431 1.464463 0.230252 0.955612 -0.183820 0.305361 -0.250305 -0.918750 -0.923980 0.155413 -0.349440
88.312592 51.549629 339.049072 -4.713431 0.982231 0.021956 0.917083 -0.398091 0.294832 -0.386418 -0.873931 -0.955297 -0.098182 -0.278870
91.476868 47.491432 329.562897 -4.231200 0.982231 -0.187619 0.982141 -0.014050 0.312262 0.046077 -0.948878 -0.931285 -0.182415 -0.315330
-7.288067 -23.377970 214.812988 -0.855579 7.251242 0.103115 0.989995 -0.096323 0.316792 -0.124483 -0.940291 -0.942873 0.066444 -0.326459
94.641129 54.006271 320.076721 -3.748968 0.982231 -0.327563 0.943633 -0.047534 0.338526 0.070246 -0.938331 -0.882101 -0.323454 -0.342454
97.805397 50.806305 310.590546 -3.266737 0.982231 -0.272010 0.860975 -0.429805 0.290134 -0.352485 -0.889706 -0.917515 -0.366710 -0.153918
100.969658 47.677467 301.104370 -2.784505 0.982231 -0.178660 0.746058 -0.641466 0.261889 -0.592378 -0.761907 -0.948417 -0.304116 -0.089550
104.133919 32.086433 291.618195 -2.302273 0.982231 0.001124 0.592771 -0.805370 0.187489 -0.791214 -0.582090 -0.982266 -0.150343 -0.112028
107.298180 20.844893 282.132050 -1.820042 0.982231 0.124066 0.587417 -0.799718 0.190891 -0.805020 -0.561697 -0.973739 -0.082971 -0.212009
112.867889 -1.997387 265.434601 -1.337810 0.982231 0.060510 0.725341 -0.685725 0.229618 -0.678675 -0.697621 -0.971398 -0.115242 -0.207618
116.032150 -10.494022 255.948425 -0.855579 0.982231 -0.030832 0.847916 -0.529233 0.277326 -0.501439 -0.819542 -0.960281 -0.172038 -0.219689
119.196411 -13.734387 246.462250 -0.373347 0.982231 -0.075706 0.945761 -0.315919 0.300119 -0.280525 -0.911721 -0.950893 -0.163836 -0.262603
122.360672 -15.865499 236.976089 0.108884 0.982231 -0.013466 0.998111 -0.059939 0.315721 -0.052634 -0.947391 -0.948756 -0.031682 -0.314416
125.524948 -15.348559 227.489914 0.591116 0.982231 0.131662 0.937507 -0.322096 0.297175 -0.347309 -0.889417 -0.945702 0.021383 -0.324331
-4.123802 -21.229572 205.326813 -0.373347 7.251242 -0.064363 0.975334 0.211140 0.308652 0.220661 -0.925226 -0.948995 0.005618 -0.315242
128.689209 -27.473753 218.003738 1.073348 0.982231 0.386896 0.864677 -0.320382 0.302242 -0.447158 -0.841843 -0.871184 0.228873 -0.434345
131.853470 -27.443087 208.517578 1.555579 0.982231 0.085088 0.992265 -0.090384 0.308806 -0.112509 -0.944447 -0.947311 0.052450 -0.315991
135.017731 -27.443087 199.031403 2.037810 0.982231 -0.046934 0.997616 -0.050585 0.316717 -0.033165 -0.947940 -0.947358 -0.060512 -0.314406
138.182007 -27.443087 189.545227 2.520041 0.982231 -0.109012 0.992539 -0.054614 0.315691 -0.017529 -0.948700 -0.942579 -0.120660 -0.311425
141.346268 -27.443087 180.059067 3.002274 0.982231 -0.103454 0.990533 -0.090230 0.313236 -0.053655 -0.948158 -0.944024 -0.126354 -0.304720
144.510529 -29.753862 170.572891 3.484505 0.982231 -0.069035 0.984012 -0.164179 0.311497 -0.135081 -0.940597 -0.947736 -0.116076 -0.297192
147.674805 -31.413885 161.086716 3.966736 0.982231 -0.030442 0.988674 -0.146961 0.314605 -0.130079 -0.940268 -0.948734 -0.074858 -0.307082
150.839050 -31.630413 151.600555 4.448968 0.982231 0.063843 0.997857 -0.014348 0.309946 -0.033493 -0.950164 -0.948608 0.056214 -0.311420
154.003326 -29.970390 142.114380 4.931200 0.982231 0.147580 0.988764 -0.023785 0.329531 -0.071831 -0.941408 -0.932539 0.131095 -0.336429
157.167587 -34.268276 132.628204 5.413431 0.982231 0.159188 0.979476 -0.123633 0.306864 -0.168117 -0.936788 -0.938346 0.111187 -0.327328
-0.959538 -17.618847 195.840637 0.108884 7.251242 0.018429 0.998311 0.055094 0.316334 0.046451 -0.947510 -0.948469 0.034890 -0.314944
97.798767 52.766754 342.213318 -4.713431 0.500000 -0.022470 0.932750 -0.359822 0.299686 -0.337078 -0.892506 -0.953773 -0.127888 -0.271958
100.963028 49.341461 332.727173 -4.231200 0.500000 -0.184001 0.980849 0.063861 0.313104 0.120074 -0.942098 -0.931724 -0.153351 -0.329202
104.127289 55.877808 323.240997 -3.748968 0.500000 -0.159425 0.986130 0.046173 0.312834 0.094825 -0.945063 -0.936333 -0.136222 -0.323612
107.291557 52.215050 313.754822 -3.266737 0.500000 0.058200 0.932182 -0.357280 0.296958 -0.357852 -0.885301 -0.953115 -0.054573 -0.297646
110.455833 48.661858 304.268646 -2.784505 0.500000 0.136801 0.818194 -0.558430 0.263713 -0.573467 -0.775623 -0.954851 -0.041160 -0.294219
113.620094 36.984047 294.782471 -2.302273 0.500000 0.194863 0.582620 -0.789039 0.184228 -0.811883 -0.553991 -0.963373 -0.037411 -0.265541
116.784355 19.502298 285.296295 -1.820042 0.500000 0.198192 0.570419 -0.797084 0.183648 -0.820424 -0.541459 -0.962805 -0.039070 -0.267357
122.354050 1.167969 268.598846 -1.337810 0.500000 -0.026605 0.730800 -0.682073 0.237612 -0.658136 -0.714421 -0.970996 -0.181075 -0.156137
125.518326 -8.864368 259.112701 -0.855579 0.500000 -0.084083 0.814911 -0.573454 0.262028 -0.537157 -0.801750 -0.961390 -0.217675 -0.168364
128.682587 -12.321115 249.626526 -0.373347 0.500000 -0.006306 0.903365 -0.428827 0.292339 -0.408435 -0.864707 -0.956294 -0.130815 -0.261513
2.204727 -20.159430 186.354492 0.591116 7.251242 0.308452 0.890305 -0.334984 0.299063 -0.425062 -0.854333 -0.903005 0.163339 -0.397368
131.846848 -15.865499 240.140350 0.108884 0.500000 0.025487 0.991242 -0.129575 0.314094 -0.130993 -0.940312 -0.949050 -0.016733 -0.314682
135.011108 -15.865499 230.654175 0.591116 0.500000 0.117591 0.920155 -0.373479 0.290802 -0.391509 -0.873015 -0.949530 -0.005950 -0.313621
138.175385 -27.727362 221.168015 1.073348 0.500000 -0.095549 0.911645 -0.399718 0.307522 -0.354878 -0.882888 -0.946732 -0.207281 -0.246442
141.339645 -27.443087 211.681839 1.555579 0.500000 -0.211100 0.967366 -0.140145 0.315263 -0.068331 -0.946541 -0.925228 -0.243997 -0.290550
144.503906 -27.443087 202.195663 2.037810 0.500000 -0.018665 0.996406 -0.082629 0.318617 -0.072407 -0.945114 -0.947700 -0.043968 -0.316121
147.668167 -27.443087 192.709503 2.520041 0.500000 0.000000 1.000000 -0.000000 0.316426 -0.000000 -0.948617 -0.948617 -0.000000 -0.316426
150.832428 -27.443087 183.223328 3.002274 0.500000 -0.018066 0.999183 -0.036151 0.317072 -0.028565 -0.947971 -0.948229 -0.028589 -0.316297
153.996704 -27.443087 173.737152 3.484505 0.500000 -0.018610 0.989316 -0.144591 0.316058 -0.131379 -0.939599 -0.948557 -0.063185 -0.310236
157.160950 -29.103109 164.250992 3.966736 0.500000 0.059075 0.974638 -0.215848 0.308225 -0.223469 -0.924694 -0.949478 -0.011903 -0.313609
160.325226 -32.365086 154.764816 4.448968 0.500000 0.206621 0.963825 -0.168373 0.305299 -0.227005 -0.924803 -0.929570 0.139680 -0.341159
5.368992 -27.443087 176.868317 1.073348 7.251242 0.123943 0.952929 -0.276702 0.300787 -0.301812 -0.904675 -0.945603 0.028900 -0.324036
163.489487 -35.879169 145.278641 4.931200 0.500000 0.210790 0.976330 0.048444 0.320822 -0.022283 -0.946877 -0.923386 0.215134 -0.317925
166.653763 -31.764351 135.792480 5.413431 0.500000 0.120755 0.968675 0.216996 0.273134 0.177736 -0.945414 -0.954367 0.173432 -0.243116
107.284927 54.133789 345.377594 -4.713431 0.017768 -0.090508 0.972273 -0.215624 0.320604 -0.176541 -0.930616 -0.942879 -0.153358 -0.295736
110.449203 50.706017 335.891418 -4.231200 0.017768 -0.197300 0.976257 0.089415 0.309948 0.148649 -0.939061 -0.930056 -0.157563 -0.331917
113.613464 57.646309 326.405243 -3.748968 0.017768 -0.037500 0.998423 -0.041771 0.319986 -0.027602 -0.947020 -0.946680 -0.048879 -0.318447
116.777733 51.476646 316.919067 -3.266737 0.017768 0.213924 0.910170 -0.354722 0.292264 -0.406130 -0.865818 -0.932104 0.081546 -0.352891
119.941994 47.643387 307.432892 -2.784505 0.017768 0.230575 0.846468 -0.479925 0.268349 -0.529404 -0.804811 -0.935320 0.056782 -0.349216
123.106255 37.339348 297.946747 -2.302273 0.017768 0.244547 0.599222 -0.762319 0.189709 -0.800564 -0.568426 -0.950898 -0.005612 -0.309453
126.270531 19.455915 288.460571 -1.820042 0.017768 0.159838 0.619702 -0.768388 0.200162 -0.782572 -0.589505 -0.966637 -0.059577 -0.249125
131.840225 4.690557 271.763123 -1.337810 0.017768 -0.068230 0.739416 -0.669782 0.244794 -0.638416 -0.729726 -0.967172 -0.213748 -0.137445
8.533255 -27.443087 167.382141 1.555579 7.251242 0.000000 1.000000 -0.000000 0.316426 -0.000000 -0.948617 -0.948617 -0.000000 -0.316426
135.004486 -3.255093 262.276978 -0.855579 0.017768 -0.140757 0.782776 -0.606176 0.256726 -0.562471 -0.785950 -0.956179 -0.266249 -0.121787
138.168747 -10.625490 252.790787 -0.373347 0.017768 -0.153552 0.822428 -0.547754 0.268010 -0.498886 -0.824186 -0.951101 -0.273359 -0.143814
