VertexCount: 1210
TriangleCount: 2280
Vertices
-157.634552 65.881294 -149.998520 -6.650346 7.650346 0.444176 0.895940 -0.000000 0.895940 -0.444176 -0.000000 -0.000000 -0.000000 -1.000000
-64.177223 13.709959 -69.998520 -2.557705 3.836828 0.288196 0.951194 -0.110337 0.956989 -0.290122 -0.001468 -0.033408 -0.105168 -0.993893
-64.177223 14.053032 -59.998516 -2.557705 3.360138 0.311871 0.947874 0.065358 0.949907 -0.312532 -0.000126 0.020307 0.062124 -0.997862
-64.177223 12.262780 -49.998516 -2.557705 2.883449 0.290076 0.951303 0.104301 0.956503 -0.291722 0.000549 0.030949 0.099605 -0.994546
-64.177223 11.690925 -39.998516 -2.557705 2.406759 0.247039 0.966615 -0.068025 0.968830 -0.247721 -0.001645 -0.018441 -0.065498 -0.997682
-64.177223 13.883805 -29.998516 -2.557705 1.930069 0.217488 0.975831 -0.021298 0.976053 -0.217534 0.000130 -0.004506 -0.020817 -0.999773
-64.177223 12.119824 -19.998516 -2.557705 1.453378 0.261678 0.963006 -0.064382 0.964981 -0.262317 -0.001530 -0.018362 -0.061727 -0.997924
-64.177223 15.078764 -9.998516 -2.557705 0.976689 0.305256 0.931102 -0.199673 0.950076 -0.312010 -0.002488 -0.064616 -0.188945 -0.979860
-64.177223 16.632963 0.001483 -2.557705 0.500000 0.389876 0.893182 -0.224106 0.916915 -0.399056 0.004699 -0.085233 -0.207318 -0.974553
-64.177223 20.202639 10.001484 -2.557705 0.023310 0.463299 0.817874 -0.341228 0.867632 -0.497029 -0.013289 -0.180469 -0.289903 -0.939887
-64.177223 25.128273 20.001484 -2.557705 -0.453380 0.405260 0.793495 -0.454017 0.893437 -0.449007 0.012750 -0.193739 -0.410802 -0.890902
-80.032669 6.011273 -119.998520 -3.313517 6.220276 0.491989 0.868465 0.060948 0.870155 -0.492772 -0.002491 0.027870 0.054260 -0.998138
-64.177223 31.720360 30.001484 -2.557705 -0.930069 0.294503 0.796127 -0.528630 0.938412 -0.345509 0.002451 -0.180695 -0.496794 -0.848849
-64.177223 38.149757 40.001484 -2.557705 -1.406760 0.008685 0.763401 -0.645866 0.998802 -0.037734 -0.031169 -0.048165 -0.644822 -0.762814
-64.563538 49.207443 49.904175 -2.557705 -1.883449 -0.436144 0.657542 -0.614343 0.823722 0.566581 0.021632 0.362299 -0.496613 -0.788743
-64.177223 58.897625 60.001484 -2.557705 -2.360139 -0.615762 0.634590 -0.467046 0.712203 0.701821 0.014604 0.337051 -0.323639 -0.884112
-64.177223 65.432243 70.001480 -2.557705 -2.836828 -0.586871 0.674528 -0.447878 0.753613 0.657314 0.002464 0.296058 -0.336080 -0.894091
-64.177223 72.006638 80.001480 -2.557705 -3.313519 -0.411181 0.687409 -0.598665 0.849793 0.526694 0.021106 0.329821 -0.500063 -0.800721
-64.177223 83.403381 90.001480 -2.557705 -3.790208 -0.189652 0.646933 -0.738587 0.972766 0.225901 -0.051916 0.133261 -0.728318 -0.672157
-64.177223 94.137199 100.001480 -2.557705 -4.266897 -0.140150 0.653722 -0.743643 0.981135 0.192701 -0.015509 0.133162 -0.731788 -0.668397
-64.177223 105.334930 110.001480 -2.557705 -4.743588 -0.139003 0.809512 -0.570410 0.986278 0.164976 -0.006217 0.089071 -0.563447 -0.821337
-64.177223 109.858322 120.001480 -2.557705 -5.220278 -0.117524 0.991241 -0.060252 0.993043 0.117749 0.000193 0.007286 -0.059810 -0.998183
-70.032669 3.251075 -119.998520 -2.836828 6.220276 -0.090847 0.995807 -0.010766 0.995862 0.090865 0.001216 0.002189 -0.010611 -0.999941
-64.177223 107.122345 130.001480 -2.557705 -5.696967 0.107632 0.993417 0.039230 0.994182 -0.107378 -0.008522 -0.004253 0.039919 -0.999194
-64.177223 109.169212 140.001480 -2.557705 -6.173656 0.246130 0.968259 0.043535 0.969081 -0.246647 0.006838 0.017359 0.040506 -0.999029
-64.177223 106.604424 150.001480 -2.557705 -6.650346 -0.225101 0.822210 0.522781 0.970051 0.239385 0.041192 -0.091277 0.516396 -0.851471
-64.177223 106.604424 150.001480 -2.557705 -6.650346 0.514204 0.857656 0.004539 0.857666 -0.514207 -0.000583 0.001835 0.004193 -0.999990
-25.988571 -0.000000 -149.998520 -0.737290 7.650346 0.000000 1.000000 -0.000000 1.000000 0.000000 -0.000000 -0.000000 -0.000000 -1.000000
-25.988571 -0.000000 -139.998520 -0.737290 7.173656 0.000000 1.000000 -0.000000 1.000000 0.000000 -0.000000 -0.000000 -0.000000 -1.000000
-25.988571 -0.000000 -129.998520 -0.737290 6.696966 0.000000 1.000000 -0.000000 1.000000 -0.000000 -0.000000 -0.000000 -0.000000 -1.000000
-25.988571 -0.000000 -119.998528 -0.737290 6.220276 0.000000 1.000000 -0.000000 1.000000 -0.000000 -0.000000 -0.000000 -0.000000 -1.000000
-25.988571 -0.000000 -109.998520 -0.737290 5.743587 0.000000 1.000000 -0.000000 1.000000 -0.000000 -0.000000 -0.000000 -0.000000 -1.000000
-25.988571 -0.000000 -99.998520 -0.737290 5.266897 0.000000 1.000000 -0.000000 1.000000 0.000000 -0.000000 -0.000000 -0.000000 -1.000000
-25.988571 -0.000000 -89.998520 -0.737290 4.790207 0.000000 1.000000 -0.000000 1.000000 0.000000 -0.000000 -0.000000 -0.000000 -1.000000
-60.032669 9.729635 -119.998520 -2.360138 6.220276 -0.253919 0.958962 -0.126163 0.966435 0.256816 0.006984 0.039098 -0.120155 -0.991985
-25.988571 -0.000000 -79.998520 -0.737290 4.313518 0.000000 1.000000 -0.000000 1.000000 -0.000000 -0.000000 -0.000000 -0.000000 -1.000000
-25.988571 -0.000000 -69.998520 -0.737290 3.836827 0.000000 1.000000 -0.000000 1.000000 -0.000000 -0.000000 -0.000000 -0.000000 -1.000000
-25.988571 -0.000000 -59.998520 -0.737290 3.360138 0.000000 1.000000 -0.000000 1.000000 -0.000000 -0.000000 -0.000000 -0.000000 -1.000000
-25.988571 -0.000000 -49.998516 -0.737290 2.883448 0.000000 1.000000 -0.000000 1.000000 -0.000000 -0.000000 -0.000000 -0.000000 -1.000000
-25.988571 -0.000000 -39.998516 -0.737290 2.406759 -0.000000 1.000000 -0.000000 1.000000 -0.000000 -0.000000 -0.000000 -0.000000 -1.000000
-25.988571 -0.000000 -29.998518 -0.737290 1.930069 0.171258 0.965665 -0.195350 0.984791 -0.173674 0.004825 -0.029268 -0.193205 -0.980722
-25.988571 5.082094 -19.998516 -0.737290 1.453379 0.359025 0.933328 0.000367 0.933328 -0.359025 0.000024 0.000154 0.000334 -1.000000
-25.988571 -0.000000 -9.998516 -0.737290 0.976689 0.160840 0.966486 0.200090 0.986796 -0.161395 -0.013641 0.019110 0.199642 -0.979683
-25.988571 -0.034063 0.001483 -0.737290 0.500000 -0.031987 0.964247 -0.263067 0.999397 0.034420 0.004643 0.013532 -0.262760 -0.964767
-25.988571 6.030921 10.001484 -0.737290 0.023309 -0.094900 0.891805 -0.442354 0.994618 0.103507 -0.004705 0.041591 -0.440420 -0.896828
-50.032669 9.824240 -119.998520 -1.883449 6.220276 0.309130 0.951019 0.000904 0.951020 -0.309131 0.000098 0.000373 0.000829 -1.000000
-25.988571 9.919064 20.001484 -0.737290 -0.453380 -0.101491 0.915804 -0.388590 0.993013 0.116893 0.016134 0.060199 -0.384238 -0.921269
-25.988571 14.662524 30.001486 -0.737290 -0.930069 0.027883 0.784001 -0.620134 0.996997 -0.066645 -0.039427 -0.072239 -0.617172 -0.783505
-25.988571 28.040066 40.001484 -0.737290 -1.406760 0.141560 0.796819 -0.587401 0.986833 -0.160486 0.020119 -0.078238 -0.582515 -0.809046
-25.988571 30.518679 50.001484 -0.737290 -1.883449 0.119300 0.868514 -0.481093 0.991896 -0.125581 0.019257 -0.043691 -0.479491 -0.876458
-25.988571 38.149452 60.001488 -0.737290 -2.360139 0.261246 0.677311 -0.687750 0.956672 -0.276574 0.091022 -0.128564 -0.681730 -0.720219
-25.988571 53.109089 70.001480 -0.737290 -2.836828 0.543792 0.485144 -0.684782 0.650665 -0.759073 -0.021077 -0.530025 -0.434102 -0.728443
-25.988571 68.232292 80.001480 -0.737290 -3.313519 0.626828 0.518911 -0.581221 0.631622 -0.775200 -0.010911 -0.456224 -0.360272 -0.813673
-25.988571 77.278137 90.001480 -0.737290 -3.790208 0.541473 0.777827 -0.319050 0.820022 -0.572322 -0.003596 -0.185396 -0.259681 -0.947731
-25.988571 78.153595 100.001480 -0.737290 -4.266897 0.302445 0.901532 0.309463 0.949545 -0.313249 -0.015450 0.083010 0.298522 -0.950786
-25.988571 69.422447 110.001480 -0.737290 -4.743588 0.264647 0.857466 0.441264 0.964099 -0.245606 -0.100952 0.021814 0.452138 -0.891681
-40.032669 -0.000000 -119.998520 -1.406759 6.220276 0.395838 0.907035 0.143529 0.916715 -0.399528 -0.003379 0.054279 0.132913 -0.989640
-25.988571 67.230370 120.001488 -0.737290 -5.220278 0.580979 0.813917 -0.001452 0.813918 -0.580980 0.000172 -0.000703 -0.001282 -0.999999
-25.988571 70.004402 130.001480 -0.737290 -5.696968 0.749843 0.645558 -0.144882 0.652404 -0.757872 -0.000342 -0.110023 -0.094265 -0.989449
-25.988571 71.649033 140.001480 -0.737290 -6.173656 0.774920 0.613290 -0.152887 0.620675 -0.784067 0.000742 -0.119419 -0.095468 -0.988243
-25.988571 74.694687 150.001480 -0.737290 -6.650346 0.767695 0.607247 -0.204685 0.619855 -0.784710 -0.003193 -0.162557 -0.124424 -0.978823
-35.034992 4.914402 -149.998520 -1.168524 7.650346 0.647030 0.756411 0.095887 0.759792 -0.650163 0.001902 0.063781 0.071624 -0.995390
-35.034992 3.643520 -139.998520 -1.168524 7.173656 0.573477 0.811302 0.113637 0.816590 -0.577218 0.000027 0.065615 0.092780 -0.993522
-35.034992 2.118760 -129.998520 -1.168524 6.696966 0.353549 0.920255 0.167733 0.933445 -0.358720 0.000571 0.060695 0.156368 -0.985832
-35.034992 -0.000000 -119.998520 -1.168524 6.220276 0.102300 0.989584 0.101281 0.994736 -0.102371 -0.004515 0.005900 0.101210 -0.994848
-35.034992 -0.000000 -109.998520 -1.168524 5.743587 0.000000 1.000000 -0.000000 1.000000 0.000000 -0.000000 -0.000000 -0.000000 -1.000000
-35.034992 -0.000000 -99.998520 -1.168524 5.266897 0.000000 1.000000 -0.000000 1.000000 0.000000 -0.000000 -0.000000 -0.000000 -1.000000
-30.032669 -0.000000 -119.998520 -0.930069 6.220276 0.051782 0.998322 0.025903 0.998658 -0.051764 -0.001344 -0.000001 0.025938 -0.999664
-35.034992 -0.000000 -89.998520 -1.168524 4.790207 0.000000 1.000000 -0.000000 1.000000 0.000000 -0.000000 -0.000000 -0.000000 -1.000000
-35.034992 -0.000000 -79.998520 -1.168524 4.313518 0.000000 1.000000 -0.000000 1.000000 0.000000 -0.000000 -0.000000 -0.000000 -1.000000
-35.034992 -0.000000 -69.998520 -1.168524 3.836828 0.000000 1.000000 -0.000000 1.000000 0.000000 -0.000000 -0.000000 -0.000000 -1.000000
-35.034992 -0.000000 -59.998516 -1.168524 3.360138 0.138533 0.980970 -0.136036 0.990245 -0.139280 0.004059 -0.014965 -0.135271 -0.990696
-35.034992 2.955122 -49.998516 -1.168524 2.883449 0.397861 0.907359 -0.135670 0.915508 -0.402261 -0.005529 -0.059592 -0.122008 -0.990739
-35.034992 2.955122 -39.998516 -1.168524 2.406759 0.488964 0.872091 0.019294 0.872254 -0.489053 -0.000124 0.009327 0.016890 -0.999814
-35.034992 2.678117 -29.998516 -1.168524 1.930069 0.409670 0.873560 -0.262800 0.905558 -0.424219 0.001520 -0.110157 -0.238603 -0.964849
-35.034992 9.384743 -19.998516 -1.168524 1.453379 0.495291 0.852862 -0.165265 0.866096 -0.499568 0.017586 -0.067563 -0.151846 -0.986092
-35.034992 6.261833 -9.998516 -1.168524 0.976689 0.687172 0.711796 0.145399 0.719225 -0.694774 0.002105 0.102518 0.103128 -0.989371
-35.034992 5.232175 0.001483 -1.168524 0.500000 0.717265 0.691839 -0.083009 0.694232 -0.719752 -0.000054 -0.059784 -0.057589 -0.996549
-20.032669 -0.000000 -119.998520 -0.453379 6.220276 -0.000000 1.000000 -0.000000 1.000000 0.000000 0.000000 0.000000 -0.000000 -1.000000
-35.034992 8.028182 10.001484 -1.168524 0.023310 0.532738 0.826676 -0.181100 0.841107 -0.540842 0.005456 -0.093437 -0.155231 -0.983450
-35.034992 9.673278 20.001484 -1.168524 -0.453380 0.328437 0.881194 -0.340040 0.938271 -0.345750 0.010262 -0.108526 -0.322420 -0.940355
-35.034992 15.987547 30.001484 -1.168524 -0.930069 0.207187 0.718037 -0.664453 0.958770 -0.284070 -0.008019 -0.194509 -0.635396 -0.747287
-35.034992 29.536421 40.001484 -1.168524 -1.406760 0.264007 0.744532 -0.613166 0.949643 -0.311878 0.030186 -0.168759 -0.590258 -0.789377
-35.034992 33.572906 50.001484 -1.168524 -1.883449 0.412815 0.739933 -0.531115 0.872600 -0.488431 -0.002229 -0.261063 -0.462531 -0.847297
-35.034992 45.347088 60.001484 -1.168524 -2.360139 0.406923 0.501231 -0.763663 0.737079 -0.673984 -0.049612 -0.539564 -0.542692 -0.643705
-35.034992 68.693817 70.001480 -1.168524 -2.836828 0.337548 0.540414 -0.770723 0.820906 -0.569667 -0.039911 -0.460624 -0.619219 -0.635920
-35.034992 78.403763 80.001480 -1.168524 -3.313519 0.243683 0.810522 -0.532609 0.964369 -0.260827 0.044299 -0.103013 -0.524426 -0.845201
-35.034992 82.588760 90.001480 -1.168524 -3.790208 -0.000004 0.999632 -0.027127 0.999996 -0.000071 -0.002761 -0.002762 -0.027127 -0.999628
-35.034992 78.721558 100.001480 -1.168524 -4.266897 -0.038255 0.896684 0.441015 0.991636 0.088509 -0.093940 -0.123269 0.433733 -0.892570
-10.032669 -0.000000 -119.998520 0.023311 6.220276 0.000000 1.000000 -0.000000 1.000000 -0.000000 -0.000001 -0.000001 -0.000000 -1.000000
-35.034992 69.975555 110.001480 -1.168524 -4.743588 0.299487 0.938011 0.174481 0.953668 -0.299806 -0.025157 0.028713 0.173931 -0.984339
-35.034992 73.431831 120.001480 -1.168524 -5.220276 0.373336 0.900073 -0.224696 0.922155 -0.386490 -0.016004 -0.101248 -0.201230 -0.974297
-35.034992 76.094917 130.001480 -1.168524 -5.696967 0.152382 0.968987 -0.194537 0.988004 -0.154345 0.005120 -0.025065 -0.192983 -0.980882
-35.034992 77.575851 140.001480 -1.168524 -6.173656 -0.012731 0.979434 -0.201362 0.999919 0.012433 -0.002746 -0.000186 -0.201381 -0.979513
-35.034992 80.026360 150.001480 -1.168524 -6.650346 -0.060398 0.966721 -0.248602 0.997925 0.064044 0.006598 0.022300 -0.247688 -0.968583
-45.053303 9.824240 -149.998520 -1.646087 7.650346 0.125039 0.984335 0.124295 0.992099 -0.125346 -0.005385 0.010279 0.123987 -0.992231
-45.053303 8.559191 -139.998520 -1.646087 7.173656 0.251024 0.958846 0.132674 0.967421 -0.253173 -0.000694 0.032924 0.128526 -0.991160
-45.053303 7.041428 -129.998520 -1.646087 6.696966 0.491900 0.857139 0.152801 0.867445 -0.497530 -0.001594 0.074657 0.133331 -0.988256
-45.053303 4.932391 -119.998520 -1.646087 6.220276 0.654948 0.751180 0.082294 0.753642 -0.657283 0.001720 0.055382 0.060894 -0.996607
-45.053303 4.932391 -109.998520 -1.646087 5.743587 0.700810 0.713348 -0.000000 0.713348 -0.700810 -0.000000 -0.000000 -0.000000 -1.000000
-0.032669 -0.000000 -119.998520 0.500000 6.220276 -0.000000 1.000000 -0.000000 1.000000 0.000000 0.000000 0.000000 -0.000000 -1.000000
-45.053303 4.932391 -99.998520 -1.646087 5.266897 0.700810 0.713348 -0.000000 0.713348 -0.700810 -0.000000 -0.000000 -0.000000 -1.000000
-45.053303 4.932391 -89.998520 -1.646087 4.790207 0.700810 0.713348 -0.000000 0.713348 -0.700810 -0.000000 -0.000000 -0.000000 -1.000000
-45.053303 4.932391 -79.998520 -1.646087 4.313518 0.701919 0.712256 -0.001086 0.712257 -0.701919 0.000002 -0.000761 -0.000775 -0.999999
-45.053303 4.932391 -69.998520 -1.646087 3.836828 0.704118 0.710082 -0.001086 0.710083 -0.704118 -0.000001 -0.000765 -0.000771 -0.999999
-45.053303 4.932391 -59.998516 -1.646087 3.360138 0.480204 0.872987 0.085433 0.877051 -0.479380 -0.031254 0.013670 0.089937 -0.995854
-45.053303 2.941561 -49.998516 -1.646087 2.883449 -0.022718 0.996348 -0.082313 0.999068 0.025647 0.034710 0.036695 -0.081448 -0.996002
-45.053303 6.407773 -39.998516 -1.646087 2.406759 0.051452 0.974881 -0.216702 0.998636 -0.048295 0.019845 0.008881 -0.217428 -0.976036
-45.053303 7.394037 -29.998516 -1.646087 1.930069 0.307821 0.926445 -0.216672 0.948837 -0.315759 -0.002131 -0.070391 -0.204930 -0.976242
-45.053303 11.074308 -19.998516 -1.646087 1.453379 0.146167 0.970350 -0.192500 0.988793 -0.149281 -0.001692 -0.030379 -0.190095 -0.981296
-45.053303 11.577587 -9.998516 -1.646087 0.976689 -0.013433 0.999736 -0.018642 0.999910 0.013436 -0.000000 0.000250 -0.018640 -0.999826
9.967331 -0.000000 -119.998520 0.976690 6.220276 0.000000 1.000000 -0.000000 1.000000 0.000000 -0.000000 -0.000000 -0.000000 -1.000000
-50.032669 9.824240 -149.998520 -1.883449 7.650346 -0.109691 0.993443 0.032221 0.993938 0.109874 -0.003974 -0.007488 0.031590 -0.999473
-45.053303 11.577587 0.001483 -1.646087 0.500000 -0.012853 0.999897 0.006453 0.999917 0.012853 0.000083 -0.000000 0.006454 -0.999979
-45.053303 11.577587 10.001484 -1.646087 0.023310 0.161770 0.975645 -0.148148 0.986685 -0.162475 0.007406 -0.016844 -0.147373 -0.988937
-45.053303 14.686388 20.001484 -1.646087 -0.453380 0.425455 0.817177 -0.388856 0.885076 -0.465348 -0.009544 -0.188752 -0.340106 -0.921249
-45.053303 21.445499 30.001484 -1.646087 -0.930069 0.457068 0.663589 -0.592232 0.821959 -0.569535 -0.003793 -0.339814 -0.485056 -0.805759
-45.053303 32.919899 40.001484 -1.646087 -1.406760 0.462979 0.541284 -0.701898 0.786484 -0.616065 0.043681 -0.408771 -0.572255 -0.710936
-45.053303 49.588467 50.001484 -1.646087 -1.883449 0.644080 0.505233 -0.574370 0.609613 -0.792583 -0.013579 -0.462097 -0.341397 -0.818483
-45.053303 57.562363 60.001484 -1.646087 -2.360139 0.525182 0.626823 -0.575566 0.795441 -0.601944 0.070259 -0.302419 -0.494728 -0.814731
-45.053303 66.366325 70.001480 -1.646087 -2.836828 -0.121737 0.796583 -0.592144 0.982491 0.181480 0.042149 0.141038 -0.576645 -0.804729
-45.053303 72.548203 80.001480 -1.646087 -3.313519 -0.532415 0.758029 -0.376732 0.813432 0.581313 0.020092 0.234230 -0.295748 -0.926105
-45.053303 76.803925 90.001480 -1.646087 -3.790208 -0.216233 0.942741 -0.253934 0.972008 0.232343 0.034886 0.091889 -0.239282 -0.966592
19.967331 -0.000000 -119.998520 1.453380 6.220276 0.000000 1.000000 -0.000000 1.000000 0.000000 -0.000000 -0.000000 -0.000000 -1.000000
-45.053303 77.759735 100.001480 -1.646087 -4.266897 0.586608 0.764083 -0.268456 0.795715 -0.605475 0.015420 -0.150761 -0.222660 -0.963169
-45.053303 87.142746 110.001480 -1.646087 -4.743588 0.888794 0.435885 -0.141598 0.439490 -0.898225 -0.006404 -0.129978 -0.056539 -0.989904
-45.053303 84.932419 120.001480 -1.646087 -5.220276 0.868741 0.474525 0.141824 0.479543 -0.877517 -0.001377 0.123800 0.069207 -0.989891
-45.053303 81.734856 130.001480 -1.646087 -5.696967 0.803254 0.594784 0.031852 0.595135 -0.803623 -0.001987 0.024415 0.020552 -0.999491
-45.053303 83.180016 140.001480 -1.646087 -6.173656 0.798193 0.571256 -0.191192 0.582457 -0.812856 0.002946 -0.153729 -0.113713 -0.981548
-45.053303 88.735611 150.001480 -1.646087 -6.650346 0.821916 0.506938 -0.259746 0.522211 -0.852735 -0.011821 -0.227487 -0.125926 -0.965605
-16.083164 -0.000000 -149.998520 -0.265110 7.650346 0.000000 1.000000 -0.000000 1.000000 0.000000 -0.000000 -0.000000 -0.000000 -1.000000
-16.083164 -0.000000 -139.998520 -0.265110 7.173656 0.000000 1.000000 -0.000000 1.000000 0.000000 -0.000000 -0.000000 -0.000000 -1.000000
-16.083164 -0.000000 -129.998520 -0.265110 6.696966 0.000000 1.000000 -0.000000 1.000000 0.000000 -0.000000 -0.000000 -0.000000 -1.000000
-16.083164 -0.000000 -119.998520 -0.265110 6.220276 0.000000 1.000000 -0.000000 1.000000 0.000000 -0.000000 -0.000000 -0.000000 -1.000000
29.967331 -0.000000 -119.998520 1.930069 6.220276 0.000000 1.000000 -0.000000 1.000000 0.000000 -0.000000 -0.000000 -0.000000 -1.000000
-16.083164 -0.000000 -109.998520 -0.265110 5.743587 0.000000 1.000000 -0.000000 1.000000 0.000000 -0.000000 -0.000000 -0.000000 -1.000000
-16.083164 -0.000000 -99.998520 -0.265110 5.266897 0.000000 1.000000 -0.000000 1.000000 0.000000 -0.000000 -0.000000 -0.000000 -1.000000
-16.083164 -0.000000 -89.998520 -0.265110 4.790207 0.000000 1.000000 -0.000000 1.000000 0.000000 -0.000000 -0.000000 -0.000000 -1.000000
-16.083164 -0.000000 -79.998520 -0.265110 4.313518 0.000000 1.000000 -0.000000 1.000000 0.000000 -0.000000 -0.000000 -0.000000 -1.000000
-16.083164 -0.000000 -69.998520 -0.265110 3.836828 0.000000 1.000000 -0.000000 1.000000 0.000000 -0.000000 -0.000000 -0.000000 -1.000000
-16.083164 -0.000000 -59.998516 -0.265110 3.360138 0.031379 0.999114 0.028055 0.999507 -0.031386 -0.000177 0.000704 0.028047 -0.999606
-16.083164 -0.497169 -49.998516 -0.265110 2.883449 0.093897 0.995187 0.028055 0.995577 -0.093944 0.000371 0.003005 0.027896 -0.999606
-16.083164 -0.497169 -39.998516 -0.265110 2.406759 0.124896 0.992170 -0.000000 0.992170 -0.124896 -0.000000 -0.000000 -0.000000 -1.000000
-16.083164 -0.497169 -29.998516 -0.265110 1.930069 0.124896 0.992170 -0.000000 0.992170 -0.124896 -0.000000 -0.000000 -0.000000 -1.000000
-16.083164 -0.497169 -19.998516 -0.265110 1.453379 0.093897 0.995187 -0.028055 0.995578 -0.093938 -0.000170 -0.002804 -0.027915 -0.999606
39.967331 -0.000000 -119.998520 2.406760 6.220276 0.000000 1.000000 -0.000000 1.000000 0.000000 -0.000000 -0.000000 -0.000000 -1.000000
-16.083164 -0.000000 -9.998516 -0.265110 0.976689 0.031379 0.999114 -0.028055 0.999507 -0.031381 0.000378 -0.000503 -0.028053 -0.999606
-16.083164 0.000000 0.001483 -0.265110 0.500000 0.141362 0.978022 -0.153263 0.989807 -0.142342 0.004616 -0.017301 -0.152353 -0.988175
-16.083164 3.682937 10.001484 -0.265110 0.023310 0.266166 0.853692 -0.447623 0.949829 -0.311410 -0.029123 -0.164257 -0.417414 -0.893748
-16.083164 11.054654 20.001484 -0.265110 -0.453380 0.120282 0.889085 -0.441657 0.992084 -0.123818 0.020933 -0.036073 -0.440679 -0.896940
-16.083164 13.966894 30.001484 -0.265110 -0.930069 0.048749 0.856424 -0.513966 0.998305 -0.058161 -0.002225 -0.031799 -0.512986 -0.857808
-16.083164 25.015484 40.001484 -0.265110 -1.406760 0.039313 0.719870 -0.692995 0.998246 -0.059011 -0.004670 -0.044256 -0.691596 -0.720927
-16.083164 33.372448 50.001484 -0.265110 -1.883449 -0.179951 0.748236 -0.638561 0.955494 0.287233 0.067301 0.233773 -0.598030 -0.766623
-16.083166 40.887447 60.001484 -0.265110 -2.360139 -0.318284 0.800198 -0.508309 0.934829 0.353986 -0.028097 0.157451 -0.484125 -0.860716
-16.083164 45.065956 70.001480 -0.265110 -2.836828 -0.102381 0.798726 -0.592920 0.977333 0.191802 0.089619 0.185304 -0.570306 -0.800259
-16.083164 56.671066 80.001480 -0.265110 -3.313519 0.428831 0.654432 -0.622755 0.871774 -0.480547 0.095316 -0.236885 -0.583776 -0.776590
49.967331 -0.000000 -119.998520 2.883449 6.220276 -0.193066 0.981186 0.000000 0.981186 0.193066 -0.000000 -0.000000 0.000000 -1.000000
-16.083164 67.349739 90.001480 -0.265110 -3.790208 0.781537 0.544687 -0.304163 0.566976 -0.823539 -0.017944 -0.260264 -0.158430 -0.952451
-16.083164 70.438187 100.001480 -0.265110 -4.266897 0.861273 0.496694 0.107255 0.499916 -0.866066 -0.003681 0.091062 0.056789 -0.994225
-16.083164 63.518707 110.001480 -0.265110 -4.743588 0.817365 0.495340 0.294200 0.520498 -0.853820 -0.008519 0.246974 0.160094 -0.955706
-16.083164 59.551964 120.001480 -0.265110 -5.220276 0.787483 0.615353 0.034805 0.615724 -0.787962 0.000099 0.027487 0.021352 -0.999394
-16.083164 60.362663 130.001480 -0.265110 -5.696967 0.718943 0.689635 -0.086743 0.692804 -0.721065 0.009394 -0.056069 -0.066849 -0.996186
-16.083164 60.282410 140.001480 -0.265110 -6.173656 0.665623 0.710720 -0.227649 0.729124 -0.684365 -0.004700 -0.159135 -0.162855 -0.973732
-16.083164 66.759636 150.001480 -0.265110 -6.650346 0.588079 0.680762 -0.436723 0.764493 -0.644133 0.025374 -0.264034 -0.348794 -0.899238
-5.706807 -0.000000 -149.998520 0.229520 7.650346 0.000000 1.000000 -0.000000 1.000000 0.000000 -0.000000 -0.000000 -0.000000 -1.000000
-5.706807 -0.000000 -139.998520 0.229520 7.173656 0.000000 1.000000 -0.000000 1.000000 0.000000 -0.000000 -0.000000 -0.000000 -1.000000
-5.706807 -0.000000 -129.998520 0.229520 6.696966 0.000000 1.000000 -0.000000 1.000000 -0.000000 -0.000000 -0.000000 -0.000000 -1.000000
59.967331 8.531355 -119.998520 3.360139 6.220276 -0.390280 0.920696 0.000000 0.920696 0.390280 -0.000000 -0.000000 0.000000 -1.000000
-5.706807 -0.000000 -119.998528 0.229520 6.220276 0.000000 1.000000 -0.000000 1.000000 -0.000000 -0.000000 -0.000000 -0.000000 -1.000000
-5.706807 -0.000000 -109.998520 0.229520 5.743587 0.000000 1.000000 -0.000000 1.000000 0.000000 -0.000000 -0.000000 -0.000000 -1.000000
-5.706807 -0.000000 -99.998520 0.229520 5.266897 0.000000 1.000000 -0.000000 1.000000 0.000000 -0.000000 -0.000000 -0.000000 -1.000000
-5.706807 -0.000000 -89.998520 0.229520 4.790207 0.000000 1.000000 -0.000000 1.000000 0.000000 -0.000000 -0.000000 -0.000000 -1.000000
-5.706807 -0.000000 -79.998520 0.229520 4.313518 0.000000 1.000000 -0.000000 1.000000 0.000000 -0.000000 -0.000000 -0.000000 -1.000000
-5.706807 -0.000000 -69.998520 0.229520 3.836828 0.000000 1.000000 -0.000000 1.000000 -0.000000 -0.000000 -0.000000 -0.000000 -1.000000
-5.706807 -0.000000 -59.998520 0.229520 3.360138 0.034765 0.994939 0.094273 0.999392 -0.034860 -0.000638 0.002652 0.094238 -0.995546
-5.706807 -1.869834 -49.998516 0.229520 2.883449 0.105070 0.989986 0.094272 0.994401 -0.105668 0.001360 0.011308 0.093601 -0.995546
-5.706807 -1.869834 -39.998516 0.229520 2.406759 0.139860 0.990171 -0.000000 0.990171 -0.139860 -0.000000 -0.000000 0.000000 -1.000000
-5.706807 -1.869834 -29.998518 0.229520 1.930069 0.139860 0.990171 -0.000000 0.990171 -0.139860 -0.000000 -0.000000 0.000000 -1.000000
69.967331 8.477968 -119.998520 3.836828 6.220276 -0.529541 0.848284 -0.000000 0.848284 0.529541 -0.000000 -0.000000 -0.000000 -1.000000
-5.706807 -1.869834 -19.998516 0.229520 1.453378 0.105070 0.989986 -0.094272 0.994409 -0.105597 -0.000606 -0.010555 -0.093681 -0.995546
-5.706807 -0.000000 -9.998516 0.229520 0.976689 0.034765 0.994939 -0.094273 0.999394 -0.034788 0.001392 -0.001894 -0.094264 -0.995545
-5.706807 0.000000 0.001483 0.229520 0.500000 0.000000 1.000000 -0.000000 1.000000 0.000000 -0.000000 -0.000000 -0.000000 -1.000000
-5.706807 0.000000 10.001484 0.229520 0.023310 0.000544 0.917329 -0.398129 1.000000 -0.000499 0.000217 -0.000000 -0.398129 -0.917329
-5.706807 10.688346 20.001484 0.229520 -0.453380 -0.016316 0.830313 -0.557059 0.999825 0.018619 -0.001533 0.009098 -0.556987 -0.830472
-5.706807 14.558954 30.001486 0.229520 -0.930069 -0.007741 0.893616 -0.448765 0.999853 0.013793 0.010219 0.015321 -0.448620 -0.893591
-5.706807 20.851635 40.001484 0.229520 -1.406760 0.076712 0.726505 -0.682866 0.990348 -0.134817 -0.032179 -0.115440 -0.673807 -0.729834
-5.706808 35.883904 50.001484 0.229520 -1.883449 0.207754 0.660282 -0.721710 0.955337 -0.295483 0.004673 -0.210168 -0.690447 -0.692180
-5.706808 44.526855 60.001488 0.229520 -2.360139 0.275247 0.781618 -0.559744 0.943545 -0.331242 0.001434 -0.184290 -0.528538 -0.828664
-5.706805 50.696709 70.001480 0.229520 -2.836828 0.311000 0.856427 -0.412083 0.942536 -0.333621 0.017976 -0.122085 -0.393993 -0.910969
79.967331 17.009327 -119.998520 4.313519 6.220276 -0.345861 0.938286 -0.000000 0.938286 0.345861 -0.000000 -0.000000 -0.000000 -1.000000
-5.706806 54.247028 80.001480 0.229520 -3.313519 0.507478 0.856104 -0.097736 0.860006 -0.510267 -0.004170 -0.053442 -0.081938 -0.995204
-5.706807 51.162899 90.001480 0.229520 -3.790208 0.666141 0.743890 0.053710 0.744882 -0.667193 0.002268 0.037522 0.038497 -0.998554
-5.706807 50.754005 100.001480 0.229520 -4.266897 0.663425 0.715247 0.219749 0.732471 -0.680783 0.004500 0.152820 0.157975 -0.975546
-5.706807 44.868500 110.001480 0.229520 -4.743588 0.570959 0.754115 0.324525 0.802501 -0.596047 -0.026830 0.173199 0.275751 -0.945497
-5.706807 42.792030 120.001488 0.229520 -5.220278 0.584724 0.790834 -0.180775 0.804258 -0.594278 0.001625 -0.106145 -0.146340 -0.983523
-5.706807 50.619598 130.001480 0.229520 -5.696967 0.587949 0.757554 -0.283597 0.790323 -0.612688 0.001852 -0.172354 -0.225221 -0.958942
-5.706807 50.965271 140.001480 0.229520 -6.173657 0.593165 0.758159 -0.270833 0.788734 -0.614698 0.006685 -0.161412 -0.217581 -0.962603
-5.706807 58.884563 150.001480 0.229520 -6.650346 0.542740 0.664054 -0.514262 0.772410 -0.635105 -0.004913 -0.329873 -0.394554 -0.857619
-89.745422 20.195019 -149.998520 -3.576556 7.650346 0.701279 0.692977 0.167304 0.702401 -0.711771 0.003951 0.121820 0.114743 -0.985897
-89.745422 17.573576 -139.998520 -3.576556 7.173656 0.712335 0.696166 0.089059 0.698908 -0.715211 0.000542 0.064073 0.061858 -0.996026
97.810768 17.009327 -119.998520 4.790208 6.220276 -0.289359 0.957221 -0.000000 0.957221 0.289359 -0.000000 -0.000000 -0.000000 -1.000000
-89.745422 17.401731 -129.998520 -3.576556 6.696966 0.718489 0.689552 0.091061 0.692460 -0.721456 -0.000477 0.065368 0.063399 -0.995845
-89.745422 15.120776 -119.998520 -3.576556 6.220276 0.704258 0.701225 0.110926 0.705734 -0.708474 -0.001981 0.077199 0.079679 -0.993827
-89.745422 13.492327 -109.998520 -3.576556 5.743587 0.666530 0.742996 -0.060783 0.744593 -0.667495 0.005720 -0.036323 -0.049071 -0.998135
-89.745422 14.782847 -99.998520 -3.576556 5.266897 0.625909 0.758541 -0.181253 0.771936 -0.635678 0.005373 -0.111143 -0.143279 -0.983422
-89.745422 17.256977 -89.998520 -3.576556 4.790207 0.640953 0.717458 -0.272827 0.746056 -0.665882 0.001629 -0.180501 -0.204588 -0.962062
-89.745422 22.926676 -79.998520 -3.576556 4.313518 0.722995 0.624978 -0.294416 0.652009 -0.758166 -0.008279 -0.228390 -0.185976 -0.955642
-89.745422 28.959246 -69.998520 -3.576556 3.836828 0.807979 0.553494 -0.202026 0.563967 -0.825769 -0.006849 -0.170618 -0.108402 -0.979356
-89.745422 32.329128 -59.998516 -3.576556 3.360138 0.829593 0.553647 -0.072460 0.555084 -0.831795 -0.000371 -0.060477 -0.039914 -0.997371
-89.745422 31.697248 -49.998516 -3.576556 2.883449 0.791836 0.606803 0.069185 0.608329 -0.793684 -0.001260 0.054147 0.043085 -0.997603
-89.745422 30.180090 -39.998516 -3.576556 2.406759 0.751969 0.658878 0.020531 0.659018 -0.752127 -0.000065 0.015399 0.013579 -0.999789
107.810768 23.663162 -119.998520 5.266897 6.220276 -0.289359 0.957221 -0.000000 0.957221 0.289359 -0.000000 -0.000000 -0.000000 -1.000000
-89.745422 32.402451 -29.998516 -3.576556 1.930069 0.738884 0.660436 -0.133697 0.666501 -0.745504 0.000812 -0.099135 -0.089709 -0.991022
-89.745422 34.721058 -19.998516 -3.576556 1.453379 0.761419 0.632130 -0.143709 0.639374 -0.768876 0.005581 -0.106967 -0.096133 -0.989604
-89.745422 34.480907 -9.998516 -3.576556 0.976689 0.766471 0.635158 -0.095372 0.638204 -0.769865 0.001867 -0.072237 -0.062298 -0.995440
-89.745422 36.236488 0.001483 -3.576556 0.500000 0.713419 0.683276 -0.155459 0.691337 -0.722526 -0.003035 -0.114397 -0.105310 -0.987838
-89.745422 40.344387 10.001484 -3.576556 0.023310 0.637187 0.742156 -0.207841 0.758285 -0.651915 -0.003143 -0.137827 -0.155600 -0.978158
-89.745422 42.894226 20.001484 -3.576556 -0.453380 0.569354 0.804878 -0.167354 0.816785 -0.576928 0.004080 -0.093267 -0.139015 -0.985888
-89.745422 43.547153 30.001484 -3.576556 -0.930069 0.521572 0.830824 -0.194149 0.848047 -0.529807 0.011030 -0.093697 -0.170401 -0.980910
-89.745422 46.146046 40.001484 -3.576556 -1.406760 0.511612 0.805820 -0.298173 0.844582 -0.535423 0.002158 -0.157910 -0.252935 -0.954509
-89.745422 50.524658 50.001484 -3.576556 -1.883449 0.511576 0.747370 -0.423943 0.824036 -0.566521 -0.004349 -0.243422 -0.347120 -0.905679
-89.745422 58.616096 60.001484 -3.576556 -2.360139 0.533806 0.682278 -0.499548 0.786995 -0.616957 -0.001668 -0.309337 -0.392252 -0.866285
123.651649 23.663162 -119.998520 5.743588 6.220276 0.000000 1.000000 -0.000000 1.000000 0.000000 -0.000000 -0.000000 -0.000000 -1.000000
-40.032669 9.824240 -149.998520 -1.406759 7.650346 0.399970 0.900352 0.171435 0.914751 -0.403791 -0.013528 0.057044 0.162231 -0.985103
-89.745422 65.413727 70.001480 -3.576556 -2.836828 0.580772 0.652969 -0.486143 0.745549 -0.666436 -0.004460 -0.326896 -0.359854 -0.873868
-89.745422 73.926079 80.001480 -3.576556 -3.313519 0.538310 0.598954 -0.592854 0.741907 -0.670493 -0.003742 -0.399746 -0.437828 -0.805301
-89.745422 86.286766 90.001480 -3.576556 -3.790208 0.503346 0.610439 -0.611560 0.773340 -0.633980 0.003681 -0.385470 -0.474797 -0.791189
-89.745422 94.149643 100.001480 -3.576556 -4.266897 0.486347 0.722629 -0.491195 0.835849 -0.548574 0.020557 -0.254602 -0.420563 -0.870807
-89.745422 98.525391 110.001480 -3.576556 -4.743588 0.332152 0.722507 -0.606349 0.917877 -0.395622 0.031392 -0.217204 -0.566980 -0.794579
-89.745422 111.142944 120.001480 -3.576556 -5.220276 0.254643 0.873199 -0.415549 0.957263 -0.288545 -0.019724 -0.137128 -0.392767 -0.909357
-89.745422 112.206055 130.001480 -3.576556 -5.696967 0.212281 0.975365 0.059996 0.977097 -0.212783 0.002020 0.014737 0.058193 -0.998197
-89.745422 110.247360 140.001480 -3.576556 -6.173656 0.189251 0.961926 0.197186 0.981501 -0.191239 -0.009090 0.028966 0.195259 -0.980324
-89.745422 108.144966 150.001480 -3.576556 -6.650346 0.213207 0.949357 0.230792 0.975140 -0.221374 0.009777 0.060374 0.222970 -0.972954
138.877792 23.663162 -119.998520 6.220276 6.220276 0.000000 1.000000 -0.000000 1.000000 0.000000 -0.000000 -0.000000 -0.000000 -1.000000
148.877792 23.663162 -119.998520 6.696967 6.220276 0.000000 1.000000 -0.000000 1.000000 0.000000 -0.000000 -0.000000 -0.000000 -1.000000
158.877792 23.663162 -119.998520 7.173656 6.220276 0.550008 0.805623 -0.220142 0.822366 -0.568390 -0.025436 -0.145618 -0.167047 -0.975136
161.034348 -0.000000 -119.998520 7.650346 6.220276 0.902423 0.234883 -0.361197 0.230617 -0.971457 -0.055551 -0.363935 -0.033167 -0.930834
-157.634552 65.881294 -109.998520 -6.650346 5.743587 0.440184 0.897894 -0.004962 0.897905 -0.440189 0.000000 -0.002184 -0.004455 -0.999988
-147.634552 60.923637 -109.998520 -6.173656 5.743587 0.414736 0.909910 -0.007563 0.909937 -0.414748 0.000060 -0.003082 -0.006906 -0.999971
-137.634552 56.701355 -109.998520 -5.696966 5.743587 0.197514 0.980230 -0.011759 0.980298 -0.197522 0.000465 -0.001867 -0.011619 -0.999931
-127.634544 56.701355 -109.998520 -5.220276 5.743587 0.379490 0.923844 -0.049996 0.925013 -0.379936 0.000627 -0.018417 -0.046485 -0.998749
-117.634544 46.091801 -109.998520 -4.743587 5.743587 0.646203 0.743494 -0.172159 0.755085 -0.655621 0.002838 -0.110761 -0.131829 -0.985065
-107.634544 39.178833 -109.998520 -4.266897 5.743587 0.709495 0.673081 -0.208752 0.686861 -0.726736 -0.008757 -0.157602 -0.137171 -0.977929
-30.032669 -0.000000 -149.998520 -0.930069 7.650346 0.346157 0.937824 0.025715 0.938102 -0.346345 0.003120 0.011832 0.023043 -0.999664
-97.634544 23.021582 -109.998520 -3.790207 5.743587 0.804322 0.588261 -0.083760 0.590458 -0.807066 0.001829 -0.066524 -0.050928 -0.996484
-80.032669 7.747471 -109.998520 -3.313517 5.743587 0.413662 0.895090 -0.166426 0.907368 -0.420306 -0.005214 -0.074617 -0.148853 -0.986040
-70.032669 4.135673 -109.998520 -2.836828 5.743587 -0.097042 0.971913 -0.214403 0.994903 0.100658 0.005985 0.027399 -0.212730 -0.976727
-60.032669 9.689442 -109.998520 -2.360138 5.743587 -0.185784 0.981461 -0.047096 0.982570 0.185880 -0.002376 0.006422 -0.046716 -0.998888
-50.032669 9.824240 -109.998520 -1.883449 5.743587 0.378584 0.925567 -0.000000 0.925567 -0.378584 -0.000000 -0.000000 -0.000000 -1.000000
-40.032669 -0.000000 -109.998520 -1.406759 5.743587 0.378584 0.925567 -0.000000 0.925567 -0.378584 0.000000 -0.000000 -0.000000 -1.000000
-30.032669 -0.000000 -109.998520 -0.930069 5.743587 0.000000 1.000000 -0.000000 1.000000 -0.000000 -0.000001 -0.000001 -0.000000 -1.000000
-20.032669 -0.000000 -109.998520 -0.453379 5.743587 0.000000 1.000000 -0.000000 1.000000 0.000000 0.000001 0.000001 -0.000000 -1.000000
-10.032669 -0.000000 -109.998520 0.023311 5.743587 0.000000 1.000000 -0.000000 1.000000 -0.000000 -0.000000 -0.000000 -0.000000 -1.000000
-0.032669 -0.000000 -109.998520 0.500000 5.743587 0.000000 1.000000 -0.000000 1.000000 0.000000 0.000000 0.000000 -0.000000 -1.000000
-20.032669 -0.000000 -149.998520 -0.453379 7.650346 0.000000 1.000000 -0.000000 1.000000 0.000000 -0.000000 -0.000000 -0.000000 -1.000000
9.967331 -0.000000 -109.998520 0.976690 5.743587 0.000000 1.000000 -0.000000 1.000000 0.000000 -0.000000 -0.000000 -0.000000 -1.000000
19.967331 -0.000000 -109.998520 1.453380 5.743587 0.000000 1.000000 -0.000000 1.000000 0.000000 -0.000000 -0.000000 -0.000000 -1.000000
29.967331 -0.000000 -109.998520 1.930069 5.743587 -0.049105 0.997586 -0.049105 0.998794 0.049045 -0.002414 0.000000 -0.049164 -0.998791
39.967331 -0.000000 -109.998520 2.406760 5.743587 -0.049559 0.988173 -0.145111 0.998725 0.050430 0.002328 0.009618 -0.144810 -0.989413
49.967331 -0.000000 -109.998520 2.883449 5.743587 -0.045361 0.997467 -0.054792 0.998964 0.045085 -0.006264 -0.003777 -0.055020 -0.998478
59.967331 -0.000000 -109.998520 3.360139 5.743587 -0.320730 0.935860 0.145942 0.945211 0.326150 -0.014203 -0.060891 0.133391 -0.989191
69.967331 8.477968 -109.998520 3.836828 5.743587 -0.520318 0.832996 0.188114 0.848960 0.528391 0.008411 -0.092391 0.164078 -0.982111
79.967331 17.009327 -109.998520 4.313519 5.743587 -0.323561 0.925464 0.197041 0.944305 0.329030 0.005256 -0.059968 0.187768 -0.980381
97.810768 17.009327 -109.998520 4.790208 5.743587 -0.406093 0.913602 0.020485 0.913806 0.406149 0.001547 -0.006907 0.019348 -0.999789
107.810768 23.663162 -109.998520 5.266897 5.743587 -0.283686 0.936124 -0.207831 0.957864 0.286796 -0.015667 0.044939 -0.203518 -0.978039
-10.032669 -0.000000 -149.998520 0.023311 7.650346 0.000000 1.000000 -0.000000 1.000000 0.000000 -0.000000 -0.000000 -0.000000 -1.000000
123.651649 23.663162 -109.998520 5.743588 5.743587 0.069368 0.991521 -0.109885 0.997591 -0.068946 0.007641 -0.000000 -0.110150 -0.993915
138.877792 23.663162 -109.998520 6.220276 5.743587 0.000000 1.000000 -0.000000 1.000000 0.000000 -0.000000 -0.000000 -0.000000 -1.000000
148.877792 23.663162 -109.998520 6.696967 5.743587 0.000000 1.000000 -0.000000 1.000000 0.000000 -0.000000 -0.000000 -0.000000 -1.000000
158.877792 23.663162 -109.998520 7.173656 5.743587 0.039255 0.927069 -0.372829 0.999229 -0.036420 0.014647 -0.000000 -0.373117 -0.927784
168.877792 23.663162 -109.998520 7.650346 5.743587 0.081008 0.633615 -0.769395 0.994856 -0.098506 0.023624 -0.060822 -0.767351 -0.638336
-157.634552 65.881294 -99.998520 -6.650346 5.266897 0.387564 0.904700 -0.176954 0.919479 -0.393119 0.003969 -0.065973 -0.164244 -0.984211
-147.634552 61.144196 -99.998520 -6.173656 5.266897 0.383645 0.902001 -0.198017 0.919879 -0.392178 -0.004232 -0.081476 -0.180528 -0.980189
-137.634552 56.921913 -99.998520 -5.696966 5.266897 0.192149 0.953664 -0.231524 0.980317 -0.197431 0.000363 -0.045364 -0.227037 -0.972829
-127.634544 56.996460 -99.998520 -5.220276 5.266897 0.319623 0.909672 -0.265213 0.944138 -0.329458 0.007802 -0.080280 -0.252891 -0.964158
-117.634544 49.485077 -99.998520 -4.743587 5.266897 0.550483 0.773607 -0.313849 0.814629 -0.579981 -0.000759 -0.182614 -0.255253 -0.949473
-0.032669 -0.000000 -149.998520 0.500000 7.650346 0.000000 1.000000 -0.000000 1.000000 0.000000 -0.000000 -0.000000 -0.000000 -1.000000
-107.634544 43.904354 -99.998520 -4.266897 5.266897 0.695961 0.660515 -0.281706 0.688984 -0.724771 0.002781 -0.202336 -0.196027 -0.959497
-97.634544 26.423634 -99.998520 -3.790207 5.266897 0.832069 0.529709 -0.164526 0.536897 -0.843647 -0.000924 -0.139292 -0.087565 -0.986372
-80.032669 10.943967 -99.998520 -3.313517 5.266897 0.335384 0.910426 -0.242161 0.938486 -0.345315 0.001524 -0.082234 -0.227775 -0.970235
-70.032669 8.245332 -99.998520 -2.836828 5.266897 0.015221 0.969256 -0.245583 0.999807 -0.011696 0.015805 0.012447 -0.245776 -0.969247
-60.032669 10.335061 -99.998520 -2.360138 5.266897 -0.057828 0.997904 -0.029037 0.998327 0.057801 -0.001766 -0.000084 -0.029091 -0.999577
-50.032669 9.824240 -99.998520 -1.883449 5.266897 0.378584 0.925567 -0.000000 0.925567 -0.378584 -0.000000 -0.000000 -0.000000 -1.000000
-40.032669 -0.000000 -99.998520 -1.406759 5.266897 0.378584 0.925567 -0.000000 0.925567 -0.378584 0.000000 -0.000000 -0.000000 -1.000000
-30.032669 -0.000000 -99.998520 -0.930069 5.266897 0.000000 1.000000 -0.000000 1.000000 -0.000000 -0.000000 -0.000000 -0.000000 -1.000000
-20.032669 -0.000000 -99.998520 -0.453379 5.266897 0.000000 1.000000 -0.000000 1.000000 0.000000 0.000000 0.000000 -0.000000 -1.000000
-10.032669 -0.000000 -99.998520 0.023311 5.266897 0.000000 1.000000 -0.000000 1.000000 0.000000 -0.000000 -0.000000 -0.000000 -1.000000
9.967331 -0.000000 -149.998520 0.976690 7.650346 0.000000 1.000000 -0.000000 1.000000 0.000000 -0.000000 -0.000000 -0.000000 -1.000000
-0.032669 -0.000000 -99.998520 0.500000 5.266897 0.000000 1.000000 -0.000000 1.000000 0.000000 -0.000000 -0.000000 -0.000000 -1.000000
9.967331 -0.000000 -99.998520 0.976690 5.266897 0.000000 1.000000 -0.000000 1.000000 0.000000 -0.000000 -0.000000 -0.000000 -1.000000
19.967331 -0.000000 -99.998520 1.453380 5.266897 0.000000 1.000000 -0.000000 1.000000 0.000000 -0.000000 -0.000000 -0.000000 -1.000000
29.967331 -0.000000 -99.998520 1.930069 5.266897 -0.145111 0.988173 -0.049559 0.989395 0.145249 -0.000815 0.006393 -0.049152 -0.998771
