VertexCount: 441
TriangleCount: 800
Vertices
1.545763 0.502249 0.000000 0.000000 0.000000 -0.951057 -0.309016 -0.000001 -0.309016 0.951057 0.000000 0.000001 0.000001 -1.000000
1.545763 0.502249 0.000000 1.000000 0.000000 -0.951057 -0.309016 -0.000001 -0.309016 0.951057 -0.000000 0.000001 0.000000 -1.000000
1.545763 0.502249 0.000000 0.000000 1.000000 -0.951057 -0.309016 -0.000001 -0.309016 0.951057 0.000000 0.000001 0.000001 -1.000000
1.545763 0.502249 0.000000 1.000000 1.000000 -0.951057 -0.309016 -0.000001 -0.309016 0.951057 -0.000000 0.000001 0.000000 -1.000000
3.091526 1.004498 -1.625311 0.000000 0.250000 -0.000000 -0.000000 -1.000000 -0.453990 0.891007 0.000000 0.891007 0.453990 -0.000000
3.091526 1.004498 -1.625311 1.000000 0.250000 -0.000000 -0.000000 -1.000000 -0.156432 0.987689 -0.000000 0.987689 0.156432 -0.000000
2.629809 1.910668 -1.625311 0.050000 0.250000 -0.000000 -0.000000 -1.000000 -0.587785 0.809017 -0.000000 0.809017 0.587785 -0.000000
1.910668 2.629809 -1.625311 0.100000 0.250000 -0.000000 -0.000000 -1.000000 -0.809017 0.587785 0.000000 0.587785 0.809017 -0.000000
1.004498 3.091526 -1.625311 0.150000 0.250000 -0.000000 -0.000000 -1.000000 -0.951057 0.309017 0.000000 0.309017 0.951057 -0.000000
0.000000 3.250623 -1.625311 0.200000 0.250000 0.000000 -0.000000 -1.000000 -1.000000 -0.000000 -0.000000 -0.000000 1.000000 -0.000000
-1.004498 3.091526 -1.625311 0.250000 0.250000 0.000000 -0.000000 -1.000000 -0.951056 -0.309017 -0.000000 -0.309017 0.951056 -0.000000
-1.910668 2.629808 -1.625311 0.300000 0.250000 0.000000 -0.000000 -1.000000 -0.809017 -0.587785 0.000000 -0.587785 0.809017 -0.000000
-2.629808 1.910668 -1.625311 0.350000 0.250000 0.000000 -0.000000 -1.000000 -0.587785 -0.809017 -0.000000 -0.809017 0.587785 -0.000000
-3.091525 1.004497 -1.625311 0.400000 0.250000 0.000000 -0.000000 -1.000000 -0.309017 -0.951057 -0.000000 -0.951057 0.309017 -0.000000
-3.250622 0.000000 -1.625311 0.450000 0.250000 0.000000 0.000000 -1.000000 -0.000000 -1.000000 -0.000000 -1.000000 0.000000 -0.000000
-1.545763 -0.502249 -0.000000 0.500000 0.000000 0.951056 0.309017 -0.000001 0.309017 -0.951057 0.000000 -0.000001 -0.000000 -1.000000
-1.545763 -0.502249 -0.000000 0.500000 1.000000 0.951056 0.309017 -0.000001 0.309017 -0.951057 -0.000000 -0.000001 -0.000000 -1.000000
-3.091525 -1.004497 -1.625311 0.500000 0.250000 0.000000 0.000000 -1.000000 0.309017 -0.951056 0.000000 -0.951057 -0.309017 -0.000000
-2.629808 -1.910667 -1.625311 0.550000 0.250000 0.000000 0.000000 -1.000000 0.587785 -0.809017 0.000000 -0.809017 -0.587785 -0.000000
-1.910667 -2.629808 -1.625311 0.600000 0.250000 0.000000 0.000000 -1.000000 0.809017 -0.587785 -0.000000 -0.587785 -0.809017 -0.000000
-1.004497 -3.091525 -1.625311 0.650000 0.250000 0.000000 0.000000 -1.000000 0.951057 -0.309017 0.000000 -0.309017 -0.951057 -0.000000
-0.000000 -3.250621 -1.625311 0.700000 0.250000 0.000000 0.000000 -1.000000 1.000000 0.000000 0.000000 0.000000 -1.000000 -0.000000
1.004497 -3.091524 -1.625311 0.750000 0.250000 -0.000000 0.000000 -1.000000 0.951056 0.309017 -0.000000 0.309017 -0.951057 -0.000000
1.910667 -2.629808 -1.625311 0.800000 0.250000 -0.000000 0.000000 -1.000000 0.809017 0.587785 -0.000000 0.587785 -0.809017 -0.000000
2.629807 -1.910667 -1.625311 0.850000 0.250000 -0.000000 0.000000 -1.000000 0.587785 0.809017 -0.000000 0.809017 -0.587785 -0.000000
3.091524 -1.004497 -1.625311 0.900000 0.250000 -0.000000 0.000000 -1.000000 0.309017 0.951056 0.000000 0.951057 -0.309017 -0.000000
3.250621 0.000000 -1.625311 0.950000 0.250000 -0.000000 0.000000 -1.000000 0.000001 1.000000 -0.000000 1.000000 -0.000001 -0.000000
-1.314904 -0.955334 -0.000000 0.550000 0.000000 0.809017 0.587785 -0.000001 0.587785 -0.809017 0.000000 -0.000001 -0.000001 -1.000000
-1.314904 -0.955334 -0.000000 0.550000 1.000000 0.809017 0.587785 -0.000001 0.587785 -0.809017 -0.000000 -0.000001 -0.000001 -1.000000
3.569193 1.159701 -1.545762 0.000000 0.300000 0.293730 0.095438 -0.951112 -0.440313 0.896665 -0.046006 0.848438 0.432301 0.305400
3.569193 1.159701 -1.545762 1.000000 0.300000 0.293730 0.095438 -0.951112 -0.170823 0.984227 0.046006 0.940501 0.148959 0.305400
3.036137 2.205883 -1.545762 0.050000 0.300000 0.249862 0.181535 -0.951112 -0.587785 0.809017 0.000000 0.769466 0.559050 0.308846
2.205883 3.036137 -1.545762 0.100000 0.300000 0.181535 0.249862 -0.951112 -0.809017 0.587785 0.000000 0.559050 0.769466 0.308846
1.159701 3.569193 -1.545762 0.150000 0.300000 0.095439 0.293730 -0.951112 -0.951057 0.309017 0.000000 0.293910 0.904562 0.308846
0.000000 3.752872 -1.545762 0.200000 0.300000 -0.000000 0.308846 -0.951112 -1.000000 -0.000000 -0.000000 -0.000000 0.951112 0.308846
-1.159701 3.569193 -1.545762 0.250000 0.300000 -0.095439 0.293730 -0.951112 -0.951056 -0.309017 -0.000000 -0.293910 0.904561 0.308846
-2.205882 3.036136 -1.545762 0.300000 0.300000 -0.181535 0.249861 -0.951112 -0.809017 -0.587785 -0.000000 -0.559050 0.769466 0.308846
-3.036136 2.205882 -1.545762 0.350000 0.300000 -0.249862 0.181535 -0.951112 -0.587785 -0.809017 -0.000000 -0.769466 0.559050 0.308846
-3.569192 1.159701 -1.545762 0.400000 0.300000 -0.293730 0.095439 -0.951112 -0.309017 -0.951056 -0.000000 -0.904561 0.293910 0.308846
-3.752871 0.000000 -1.545762 0.450000 0.300000 -0.308846 0.000000 -0.951112 0.000000 -1.000000 -0.000000 -0.951112 -0.000000 0.308846
-0.955334 -1.314904 -0.000000 0.600000 0.000000 0.587785 0.809017 -0.000001 0.809017 -0.587785 0.000000 -0.000001 -0.000001 -1.000000
-0.955334 -1.314904 -0.000000 0.600000 1.000000 0.587785 0.809017 -0.000001 0.809017 -0.587785 -0.000000 -0.000001 -0.000001 -1.000000
-3.569192 -1.159701 -1.545762 0.500000 0.300000 -0.293730 -0.095439 -0.951112 0.309017 -0.951057 0.000000 -0.904561 -0.293910 0.308846
-3.036136 -2.205882 -1.545762 0.550000 0.300000 -0.249862 -0.181535 -0.951112 0.587785 -0.809017 -0.000000 -0.769466 -0.559050 0.308846
-2.205882 -3.036136 -1.545762 0.600000 0.300000 -0.181535 -0.249862 -0.951112 0.809017 -0.587785 0.000000 -0.559050 -0.769466 0.308846
-1.159701 -3.569191 -1.545762 0.650000 0.300000 -0.095439 -0.293730 -0.951112 0.951057 -0.309017 0.000000 -0.293910 -0.904561 0.308846
-0.000000 -3.752870 -1.545762 0.700000 0.300000 0.000000 -0.308846 -0.951112 1.000000 0.000000 0.000000 -0.000000 -0.951112 0.308846
1.159700 -3.569191 -1.545762 0.750000 0.300000 0.095439 -0.293730 -0.951112 0.951056 0.309017 -0.000000 0.293910 -0.904561 0.308846
2.205881 -3.036135 -1.545762 0.800000 0.300000 0.181535 -0.249862 -0.951112 0.809017 0.587785 -0.000000 0.559050 -0.769466 0.308846
3.036135 -2.205882 -1.545762 0.850000 0.300000 0.249862 -0.181535 -0.951112 0.587785 0.809017 0.000000 0.769466 -0.559050 0.308846
3.569191 -1.159701 -1.545762 0.900000 0.300000 0.293730 -0.095439 -0.951112 0.309017 0.951057 0.000000 0.904561 -0.293910 0.308846
3.752870 0.000000 -1.545762 0.950000 0.300000 0.308846 -0.000000 -0.951112 0.000001 1.000000 0.000000 0.951112 -0.000001 0.308846
-0.502249 -1.545762 -0.000000 0.650000 0.000000 0.309017 0.951057 -0.000001 0.951056 -0.309017 0.000000 -0.000000 -0.000001 -1.000000
-0.502249 -1.545762 -0.000000 0.650000 1.000000 0.309017 0.951057 -0.000001 0.951056 -0.309017 -0.000000 -0.000000 -0.000001 -1.000000
4.000103 1.299712 -1.314904 0.000000 0.350000 0.558794 0.181563 -0.809187 -0.404341 0.911553 -0.074692 0.724056 0.368925 0.582784
4.000103 1.299712 -1.314904 1.000000 0.350000 0.558794 0.181563 -0.809187 -0.208677 0.975128 0.074692 0.802623 0.127121 0.582784
3.402691 2.472199 -1.314904 0.050000 0.350000 0.475339 0.345354 -0.809187 -0.587785 0.809017 -0.000000 0.654646 0.475628 0.587551
2.472199 3.402691 -1.314904 0.100000 0.350000 0.345354 0.475339 -0.809187 -0.809017 0.587785 0.000000 0.475628 0.654646 0.587551
1.299712 4.000103 -1.314904 0.150000 0.350000 0.181563 0.558794 -0.809187 -0.951057 0.309017 -0.000000 0.250053 0.769583 0.587551
0.000000 4.205956 -1.314904 0.200000 0.350000 -0.000000 0.587551 -0.809187 -1.000000 -0.000000 -0.000000 -0.000000 0.809187 0.587551
-1.299712 4.000102 -1.314904 0.250000 0.350000 -0.181563 0.558794 -0.809187 -0.951057 -0.309017 -0.000000 -0.250053 0.769583 0.587551
-2.472199 3.402690 -1.314904 0.300000 0.350000 -0.345354 0.475339 -0.809187 -0.809017 -0.587785 -0.000000 -0.475628 0.654646 0.587551
-3.402689 2.472199 -1.314904 0.350000 0.350000 -0.475339 0.345354 -0.809187 -0.587785 -0.809017 -0.000000 -0.654646 0.475628 0.587551
-4.000101 1.299712 -1.314904 0.400000 0.350000 -0.558794 0.181563 -0.809187 -0.309017 -0.951057 0.000000 -0.769583 0.250053 0.587551
-4.205956 0.000000 -1.314904 0.450000 0.350000 -0.587551 -0.000000 -0.809187 0.000000 -1.000000 -0.000000 -0.809187 -0.000000 0.587551
-0.000000 -1.625311 -0.000000 0.700000 0.000000 -0.000000 1.000000 -0.000001 1.000000 0.000000 0.000000 0.000000 -0.000001 -1.000000
-0.000000 -1.625311 -0.000000 0.700000 1.000000 -0.000000 1.000000 -0.000001 1.000000 0.000000 -0.000000 -0.000000 -0.000001 -1.000000
-4.000101 -1.299712 -1.314904 0.500000 0.350000 -0.558794 -0.181563 -0.809187 0.309017 -0.951056 0.000000 -0.769583 -0.250053 0.587551
-3.402689 -2.472198 -1.314904 0.550000 0.350000 -0.475339 -0.345354 -0.809187 0.587785 -0.809017 -0.000000 -0.654646 -0.475628 0.587551
-2.472198 -3.402689 -1.314904 0.600000 0.350000 -0.345354 -0.475339 -0.809187 0.809017 -0.587785 -0.000000 -0.475628 -0.654646 0.587551
-1.299712 -4.000101 -1.314904 0.650000 0.350000 -0.181563 -0.558794 -0.809187 0.951057 -0.309017 -0.000000 -0.250052 -0.769583 0.587551
-0.000000 -4.205955 -1.314904 0.700000 0.350000 0.000000 -0.587551 -0.809187 1.000000 0.000000 0.000000 0.000000 -0.809187 0.587551
1.299711 -4.000101 -1.314904 0.750000 0.350000 0.181563 -0.558794 -0.809187 0.951057 0.309017 -0.000000 0.250053 -0.769583 0.587551
2.472198 -3.402689 -1.314904 0.800000 0.350000 0.345354 -0.475339 -0.809187 0.809017 0.587785 -0.000000 0.475628 -0.654646 0.587551
3.402689 -2.472198 -1.314904 0.850000 0.350000 0.475339 -0.345354 -0.809187 0.587785 0.809017 -0.000000 0.654646 -0.475628 0.587551
4.000101 -1.299711 -1.314904 0.900000 0.350000 0.558794 -0.181563 -0.809187 0.309017 0.951057 0.000000 0.769583 -0.250053 0.587551
4.205955 0.000000 -1.314904 0.950000 0.350000 0.587551 -0.000001 -0.809187 0.000001 1.000000 -0.000000 0.809187 -0.000001 0.587551
0.502249 -1.545762 -0.000000 0.750000 0.000000 -0.309017 0.951056 -0.000001 0.951056 0.309017 0.000000 0.000000 -0.000001 -1.000000
0.502249 -1.545762 -0.000000 0.750000 1.000000 -0.309017 0.951056 -0.000001 0.951057 0.309017 -0.000000 0.000000 -0.000001 -1.000000
4.342075 1.410826 -0.955334 0.000000 0.400000 0.769260 0.249947 -0.588018 -0.359544 0.930109 -0.075006 0.528173 0.269118 0.805363
4.342075 1.410826 -0.955334 1.000000 0.400000 0.769260 0.249947 -0.588018 -0.255825 0.963809 0.075006 0.585485 0.092730 0.805363
3.693590 2.683550 -0.955334 0.050000 0.400000 0.654372 0.475429 -0.588018 -0.587785 0.809017 -0.000000 0.475717 0.345628 0.808848
2.683550 3.693589 -0.955334 0.100000 0.400000 0.475429 0.654372 -0.588018 -0.809017 0.587785 -0.000000 0.345628 0.475717 0.808848
1.410825 4.342074 -0.955334 0.150000 0.400000 0.249948 0.769260 -0.588018 -0.951057 0.309017 0.000000 0.181708 0.559238 0.808848
0.000000 4.565527 -0.955334 0.200000 0.400000 -0.000000 0.808848 -0.588018 -1.000000 -0.000000 -0.000000 -0.000000 0.588018 0.808848
-1.410825 4.342074 -0.955334 0.250000 0.400000 -0.249948 0.769260 -0.588018 -0.951056 -0.309017 -0.000000 -0.181708 0.559238 0.808848
-2.683549 3.693588 -0.955334 0.300000 0.400000 -0.475429 0.654372 -0.588018 -0.809017 -0.587785 0.000000 -0.345628 0.475716 0.808848
-3.693588 2.683549 -0.955334 0.350000 0.400000 -0.654372 0.475429 -0.588018 -0.587785 -0.809017 0.000000 -0.475717 0.345628 0.808848
-4.342073 1.410825 -0.955334 0.400000 0.400000 -0.769260 0.249948 -0.588018 -0.309017 -0.951056 -0.000000 -0.559238 0.181707 0.808848
-4.565526 0.000000 -0.955334 0.450000 0.400000 -0.808848 -0.000000 -0.588018 -0.000000 -1.000000 0.000000 -0.588018 0.000000 0.808848
0.955333 -1.314904 -0.000000 0.800000 0.000000 -0.587785 0.809017 -0.000001 0.809017 0.587785 0.000000 0.000001 -0.000001 -1.000000
0.955333 -1.314904 -0.000000 0.800000 1.000000 -0.587785 0.809017 -0.000001 0.809017 0.587785 -0.000000 0.000001 -0.000001 -1.000000
-4.342073 -1.410825 -0.955334 0.500000 0.400000 -0.769260 -0.249948 -0.588018 0.309017 -0.951056 0.000000 -0.559238 -0.181708 0.808848
-3.693588 -2.683549 -0.955334 0.550000 0.400000 -0.654372 -0.475429 -0.588018 0.587785 -0.809017 -0.000000 -0.475717 -0.345628 0.808848
-2.683549 -3.693588 -0.955334 0.600000 0.400000 -0.475429 -0.654372 -0.588018 0.809017 -0.587785 -0.000000 -0.345628 -0.475716 0.808848
-1.410825 -4.342073 -0.955334 0.650000 0.400000 -0.249948 -0.769260 -0.588018 0.951057 -0.309017 0.000000 -0.181707 -0.559238 0.808848
-0.000000 -4.565525 -0.955334 0.700000 0.400000 0.000000 -0.808848 -0.588018 1.000000 0.000000 -0.000000 0.000000 -0.588018 0.808848
1.410825 -4.342072 -0.955334 0.750000 0.400000 0.249948 -0.769260 -0.588018 0.951056 0.309017 0.000000 0.181708 -0.559238 0.808848
2.683548 -3.693587 -0.955334 0.800000 0.400000 0.475429 -0.654372 -0.588018 0.809017 0.587785 -0.000000 0.345628 -0.475716 0.808848
3.693587 -2.683548 -0.955334 0.850000 0.400000 0.654372 -0.475429 -0.588018 0.587785 0.809017 -0.000000 0.475716 -0.345628 0.808848
4.342072 -1.410825 -0.955334 0.900000 0.400000 0.769260 -0.249948 -0.588018 0.309017 0.951057 0.000000 0.559238 -0.181707 0.808848
4.565525 0.000000 -0.955334 0.950000 0.400000 0.808848 -0.000001 -0.588018 0.000001 1.000000 0.000000 0.588018 -0.000001 0.808848
1.314904 -0.955334 -0.000000 0.850000 0.000000 -0.809017 0.587785 -0.000001 0.587785 0.809017 0.000000 0.000001 -0.000001 -1.000000
1.314904 -0.955334 -0.000000 0.850000 1.000000 -0.809017 0.587785 -0.000001 0.587785 0.809017 -0.000000 0.000001 -0.000001 -1.000000
4.561635 1.482165 -0.502249 0.000000 0.450000 0.904457 0.293875 -0.309185 -0.323029 0.945245 -0.046515 0.278586 0.141947 0.949864
4.561635 1.482165 -0.502249 1.000000 0.450000 0.904457 0.293875 -0.309185 -0.294264 0.954592 0.046515 0.308815 0.048911 0.949864
3.880358 2.819245 -0.502249 0.050000 0.450000 0.769377 0.558985 -0.309185 -0.587785 0.809017 -0.000000 0.250136 0.181734 0.951002
2.819245 3.880358 -0.502249 0.100000 0.450000 0.558985 0.769377 -0.309185 -0.809017 0.587785 -0.000000 0.181734 0.250136 0.951002
1.482165 4.561634 -0.502249 0.150000 0.450000 0.293876 0.904457 -0.309185 -0.951057 0.309017 0.000000 0.095543 0.294052 0.951002
0.000000 4.796386 -0.502249 0.200000 0.450000 -0.000000 0.951002 -0.309185 -1.000000 -0.000000 0.000000 -0.000000 0.309185 0.951002
-1.482165 4.561634 -0.502249 0.250000 0.450000 -0.293876 0.904457 -0.309185 -0.951056 -0.309017 -0.000000 -0.095543 0.294052 0.951002
-2.819244 3.880357 -0.502249 0.300000 0.450000 -0.558985 0.769377 -0.309185 -0.809017 -0.587785 -0.000000 -0.181734 0.250136 0.951002
-3.880357 2.819244 -0.502249 0.350000 0.450000 -0.769377 0.558985 -0.309185 -0.587785 -0.809017 0.000000 -0.250136 0.181734 0.951002
-4.561633 1.482164 -0.502249 0.400000 0.450000 -0.904457 0.293876 -0.309185 -0.309017 -0.951057 -0.000000 -0.294052 0.095543 0.951002
-4.796384 0.000000 -0.502249 0.450000 0.450000 -0.951002 0.000000 -0.309185 -0.000000 -1.000000 0.000000 -0.309185 0.000000 0.951002
1.545762 -0.502249 -0.000000 0.900000 0.000000 -0.951057 0.309017 -0.000001 0.309017 0.951057 0.000000 0.000001 -0.000000 -1.000000
1.545762 -0.502249 -0.000000 0.900000 1.000000 -0.951057 0.309017 -0.000001 0.309017 0.951057 -0.000000 0.000001 -0.000000 -1.000000
-4.561633 -1.482164 -0.502249 0.500000 0.450000 -0.904456 -0.293876 -0.309185 0.309017 -0.951056 -0.000000 -0.294053 -0.095543 0.951002
-3.880357 -2.819244 -0.502249 0.550000 0.450000 -0.769377 -0.558985 -0.309185 0.587785 -0.809017 -0.000000 -0.250136 -0.181735 0.951002
-2.819244 -3.880356 -0.502249 0.600000 0.450000 -0.558985 -0.769377 -0.309185 0.809017 -0.587785 0.000000 -0.181734 -0.250136 0.951002
-1.482164 -4.561632 -0.502249 0.650000 0.450000 -0.293876 -0.904457 -0.309185 0.951057 -0.309017 0.000000 -0.095543 -0.294052 0.951002
-0.000000 -4.796384 -0.502249 0.700000 0.450000 0.000000 -0.951002 -0.309185 1.000000 0.000000 -0.000000 0.000000 -0.309185 0.951002
1.482164 -4.561632 -0.502249 0.750000 0.450000 0.293876 -0.904456 -0.309185 0.951056 0.309017 0.000000 0.095543 -0.294052 0.951002
2.819243 -3.880356 -0.502249 0.800000 0.450000 0.558985 -0.769377 -0.309185 0.809017 0.587785 -0.000000 0.181734 -0.250136 0.951002
3.880355 -2.819244 -0.502249 0.850000 0.450000 0.769377 -0.558985 -0.309185 0.587785 0.809017 -0.000000 0.250136 -0.181734 0.951002
4.561632 -1.482164 -0.502249 0.900000 0.450000 0.904457 -0.293876 -0.309185 0.309017 0.951056 -0.000000 0.294052 -0.095543 0.951002
4.796383 0.000000 -0.502249 0.950000 0.450000 0.951002 -0.000001 -0.309185 0.000001 1.000000 0.000000 0.309185 -0.000000 0.951002
1.625310 0.000000 -0.000000 0.950000 0.000000 -1.000000 0.000001 -0.000001 0.000001 1.000000 0.000000 0.000001 0.000000 -1.000000
1.625310 0.000000 -0.000000 0.950000 1.000000 -1.000000 0.000001 -0.000001 0.000001 1.000000 -0.000000 0.000001 -0.000000 -1.000000
1.314905 0.955334 0.000000 0.050000 0.000000 -0.809017 -0.587785 -0.000001 -0.587785 0.809017 0.000000 0.000001 0.000001 -1.000000
1.314905 0.955334 0.000000 0.050000 1.000000 -0.809017 -0.587785 -0.000001 -0.587785 0.809017 -0.000000 0.000001 0.000001 -1.000000
4.637290 1.506747 0.000000 0.000000 0.500000 0.951057 0.309016 0.000000 -0.309016 0.951057 0.000000 -0.000000 -0.000000 1.000000
4.637290 1.506747 0.000000 1.000000 0.500000 0.951057 0.309016 0.000000 -0.309016 0.951057 -0.000000 -0.000000 -0.000000 1.000000
3.944714 2.866002 0.000000 0.050000 0.500000 0.809017 0.587785 -0.000000 -0.587785 0.809017 -0.000000 0.000000 0.000000 1.000000
2.866002 3.944714 0.000000 0.100000 0.500000 0.587785 0.809017 -0.000000 -0.809017 0.587785 -0.000000 0.000000 0.000000 1.000000
1.506747 4.637289 0.000000 0.150000 0.500000 0.309017 0.951057 -0.000000 -0.951056 0.309017 -0.000000 0.000000 0.000000 1.000000
0.000000 4.875934 0.000000 0.200000 0.500000 -0.000000 1.000000 -0.000000 -1.000000 -0.000000 -0.000000 -0.000000 -0.000000 1.000000
-1.506747 4.637289 0.000000 0.250000 0.500000 -0.309017 0.951056 -0.000000 -0.951056 -0.309017 -0.000000 -0.000000 -0.000000 1.000000
-2.866002 3.944713 0.000000 0.300000 0.500000 -0.587785 0.809017 -0.000000 -0.809017 -0.587785 -0.000000 -0.000000 -0.000000 1.000000
-3.944713 2.866002 0.000000 0.350000 0.500000 -0.809017 0.587785 -0.000000 -0.587785 -0.809017 -0.000000 -0.000000 -0.000000 1.000000
-4.637288 1.506746 0.000000 0.400000 0.500000 -0.951056 0.309017 0.000000 -0.309017 -0.951057 0.000000 0.000000 -0.000000 1.000000
-4.875933 0.000000 -0.000000 0.450000 0.500000 -1.000000 0.000000 0.000000 0.000000 -1.000000 -0.000000 0.000000 -0.000000 1.000000
1.621418 0.526831 -0.502249 0.000000 0.050000 -0.904457 -0.293875 -0.309185 -0.323029 0.945245 0.046515 0.278586 0.141947 -0.949864
1.621418 0.526831 -0.502249 1.000000 0.050000 -0.904457 -0.293875 -0.309185 -0.294264 0.954592 -0.046515 0.308815 0.048911 -0.949864
-4.637288 -1.506746 -0.000000 0.500000 0.500000 -0.951057 -0.309017 0.000000 0.309017 -0.951057 -0.000000 0.000000 0.000000 1.000000
-3.944713 -2.866001 -0.000000 0.550000 0.500000 -0.809017 -0.587785 -0.000000 0.587785 -0.809017 -0.000000 0.000000 -0.000000 1.000000
-2.866001 -3.944712 -0.000000 0.600000 0.500000 -0.587785 -0.809017 -0.000000 0.809017 -0.587785 -0.000000 0.000000 -0.000000 1.000000
-1.506746 -4.637287 -0.000000 0.650000 0.500000 -0.309017 -0.951056 -0.000000 0.951057 -0.309017 -0.000000 -0.000000 -0.000000 1.000000
-0.000000 -4.875932 -0.000000 0.700000 0.500000 0.000000 -1.000000 -0.000000 1.000000 0.000000 0.000000 -0.000000 -0.000000 1.000000
1.506746 -4.637287 -0.000000 0.750000 0.500000 0.309017 -0.951056 0.000000 0.951056 0.309017 -0.000000 -0.000000 0.000000 1.000000
2.866001 -3.944712 -0.000000 0.800000 0.500000 0.587785 -0.809017 -0.000000 0.809017 0.587785 0.000000 -0.000000 -0.000000 1.000000
3.944712 -2.866001 -0.000000 0.850000 0.500000 0.809017 -0.587785 0.000000 0.587785 0.809017 0.000000 -0.000000 0.000000 1.000000
4.637287 -1.506746 -0.000000 0.900000 0.500000 0.951056 -0.309017 -0.000000 0.309017 0.951057 0.000000 -0.000000 -0.000000 1.000000
4.875932 0.000000 -0.000000 0.950000 0.500000 1.000000 -0.000001 -0.000000 0.000001 1.000000 0.000000 0.000000 -0.000000 1.000000
1.379261 1.002092 -0.502249 0.050000 0.050000 -0.769377 -0.558985 -0.309185 -0.587785 0.809017 0.000000 0.250136 0.181734 -0.951002
4.561635 1.482165 0.502249 0.000000 0.550000 0.904457 0.293875 0.309185 -0.323029 0.945245 0.046515 -0.278586 -0.141947 0.949864
4.561635 1.482165 0.502249 1.000000 0.550000 0.904457 0.293875 0.309185 -0.294264 0.954592 -0.046515 -0.308815 -0.048911 0.949864
3.880358 2.819245 0.502249 0.050000 0.550000 0.769377 0.558985 0.309185 -0.587785 0.809017 0.000000 -0.250136 -0.181734 0.951002
2.819245 3.880358 0.502249 0.100000 0.550000 0.558985 0.769377 0.309185 -0.809017 0.587785 -0.000000 -0.181734 -0.250136 0.951002
1.482165 4.561634 0.502249 0.150000 0.550000 0.293876 0.904457 0.309185 -0.951056 0.309017 -0.000000 -0.095543 -0.294052 0.951002
0.000000 4.796386 0.502249 0.200000 0.550000 -0.000000 0.951002 0.309185 -1.000000 -0.000000 0.000000 0.000000 -0.309185 0.951002
-1.482165 4.561634 0.502249 0.250000 0.550000 -0.293876 0.904456 0.309185 -0.951056 -0.309017 -0.000000 0.095543 -0.294052 0.951002
-2.819244 3.880357 0.502249 0.300000 0.550000 -0.558985 0.769377 0.309185 -0.809017 -0.587785 0.000000 0.181735 -0.250136 0.951002
-3.880357 2.819244 0.502249 0.350000 0.550000 -0.769377 0.558985 0.309185 -0.587785 -0.809017 0.000000 0.250136 -0.181734 0.951002
-4.561633 1.482164 0.502249 0.400000 0.550000 -0.904457 0.293876 0.309185 -0.309017 -0.951057 -0.000000 0.294052 -0.095543 0.951002
-4.796384 -0.000000 0.502249 0.450000 0.550000 -0.951002 0.000000 0.309185 0.000000 -1.000000 0.000000 0.309185 0.000000 0.951002
1.002092 1.379261 -0.502249 0.100000 0.050000 -0.558985 -0.769377 -0.309185 -0.809017 0.587785 0.000000 0.181734 0.250136 -0.951002
-4.561633 -1.482164 0.502249 0.500000 0.550000 -0.904456 -0.293876 0.309185 0.309017 -0.951056 0.000000 0.294052 0.095543 0.951002
-3.880357 -2.819244 0.502249 0.550000 0.550000 -0.769377 -0.558985 0.309185 0.587785 -0.809017 -0.000000 0.250136 0.181734 0.951002
-2.819244 -3.880356 0.502249 0.600000 0.550000 -0.558985 -0.769377 0.309185 0.809017 -0.587785 -0.000000 0.181734 0.250136 0.951002
-1.482164 -4.561632 0.502249 0.650000 0.550000 -0.293876 -0.904457 0.309185 0.951057 -0.309017 0.000000 0.095543 0.294052 0.951002
-0.000000 -4.796384 0.502249 0.700000 0.550000 0.000000 -0.951002 0.309185 1.000000 0.000000 -0.000000 0.000000 0.309185 0.951002
1.482164 -4.561632 0.502249 0.750000 0.550000 0.293876 -0.904457 0.309185 0.951056 0.309017 0.000000 -0.095543 0.294052 0.951002
2.819243 -3.880356 0.502249 0.800000 0.550000 0.558985 -0.769377 0.309185 0.809017 0.587785 0.000000 -0.181734 0.250136 0.951002
3.880355 -2.819244 0.502249 0.850000 0.550000 0.769377 -0.558985 0.309185 0.587785 0.809017 0.000000 -0.250136 0.181734 0.951002
4.561632 -1.482164 0.502249 0.900000 0.550000 0.904457 -0.293876 0.309185 0.309017 0.951056 -0.000000 -0.294052 0.095543 0.951002
4.796383 -0.000000 0.502249 0.950000 0.550000 0.951002 -0.000001 0.309185 0.000001 1.000000 -0.000000 -0.309185 0.000000 0.951002
0.526831 1.621418 -0.502249 0.150000 0.050000 -0.293876 -0.904457 -0.309185 -0.951057 0.309017 -0.000000 0.095543 0.294052 -0.951002
4.342075 1.410826 0.955334 0.000000 0.600000 0.769260 0.249947 0.588018 -0.359544 0.930109 0.075006 -0.528173 -0.269117 0.805363
4.342075 1.410826 0.955334 1.000000 0.600000 0.769260 0.249947 0.588018 -0.255825 0.963809 -0.075006 -0.585484 -0.092730 0.805363
3.693590 2.683550 0.955334 0.050000 0.600000 0.654372 0.475429 0.588018 -0.587785 0.809017 -0.000000 -0.475716 -0.345628 0.808848
2.683550 3.693589 0.955334 0.100000 0.600000 0.475429 0.654372 0.588018 -0.809017 0.587785 0.000000 -0.345628 -0.475716 0.808848
1.410825 4.342074 0.955334 0.150000 0.600000 0.249948 0.769260 0.588018 -0.951057 0.309017 -0.000000 -0.181707 -0.559238 0.808848
0.000000 4.565527 0.955334 0.200000 0.600000 -0.000000 0.808848 0.588018 -1.000000 -0.000000 -0.000000 0.000000 -0.588018 0.808848
-1.410825 4.342074 0.955334 0.250000 0.600000 -0.249948 0.769260 0.588018 -0.951056 -0.309017 0.000000 0.181708 -0.559238 0.808848
-2.683549 3.693588 0.955334 0.300000 0.600000 -0.475429 0.654372 0.588017 -0.809017 -0.587785 -0.000000 0.345628 -0.475716 0.808848
-3.693588 2.683549 0.955334 0.350000 0.600000 -0.654372 0.475429 0.588017 -0.587785 -0.809017 -0.000000 0.475716 -0.345628 0.808848
-4.342073 1.410825 0.955334 0.400000 0.600000 -0.769260 0.249948 0.588017 -0.309017 -0.951057 -0.000000 0.559238 -0.181707 0.808848
-4.565526 -0.000000 0.955334 0.450000 0.600000 -0.808848 0.000000 0.588017 0.000000 -1.000000 0.000000 0.588017 0.000000 0.808848
0.000000 1.704860 -0.502249 0.200000 0.050000 0.000000 -0.951002 -0.309185 -1.000000 -0.000000 0.000000 -0.000000 0.309185 -0.951002
-4.342073 -1.410825 0.955334 0.500000 0.600000 -0.769260 -0.249948 0.588018 0.309017 -0.951056 -0.000000 0.559238 0.181707 0.808848
-3.693588 -2.683549 0.955334 0.550000 0.600000 -0.654372 -0.475429 0.588018 0.587785 -0.809017 -0.000000 0.475716 0.345628 0.808848
-2.683549 -3.693588 0.955334 0.600000 0.600000 -0.475429 -0.654372 0.588017 0.809017 -0.587785 0.000000 0.345628 0.475716 0.808848
-1.410825 -4.342073 0.955334 0.650000 0.600000 -0.249948 -0.769260 0.588018 0.951057 -0.309017 -0.000000 0.181707 0.559238 0.808848
-0.000000 -4.565525 0.955334 0.700000 0.600000 0.000000 -0.808848 0.588018 1.000000 0.000000 -0.000000 -0.000000 0.588018 0.808848
1.410825 -4.342072 0.955334 0.750000 0.600000 0.249948 -0.769260 0.588018 0.951056 0.309017 0.000000 -0.181707 0.559238 0.808848
2.683548 -3.693587 0.955334 0.800000 0.600000 0.475429 -0.654372 0.588017 0.809017 0.587785 0.000000 -0.345628 0.475716 0.808848
3.693587 -2.683548 0.955334 0.850000 0.600000 0.654372 -0.475429 0.588017 0.587785 0.809017 0.000000 -0.475716 0.345628 0.808848
4.342072 -1.410825 0.955334 0.900000 0.600000 0.769260 -0.249948 0.588017 0.309017 0.951057 0.000000 -0.559238 0.181707 0.808848
4.565525 -0.000000 0.955334 0.950000 0.600000 0.808848 -0.000001 0.588018 0.000001 1.000000 0.000000 -0.588018 0.000001 0.808848
-0.526831 1.621418 -0.502249 0.250000 0.050000 0.293876 -0.904457 -0.309185 -0.951056 -0.309017 -0.000000 -0.095543 0.294052 -0.951002
4.000103 1.299712 1.314904 0.000000 0.650000 0.558794 0.181563 0.809187 -0.404341 0.911553 0.074692 -0.724056 -0.368925 0.582784
4.000103 1.299712 1.314904 1.000000 0.650000 0.558794 0.181563 0.809187 -0.208677 0.975128 -0.074692 -0.802622 -0.127121 0.582784
3.402691 2.472200 1.314904 0.050000 0.650000 0.475339 0.345354 0.809187 -0.587785 0.809017 -0.000000 -0.654646 -0.475628 0.587551
2.472200 3.402691 1.314904 0.100000 0.650000 0.345354 0.475339 0.809187 -0.809017 0.587785 0.000000 -0.475628 -0.654646 0.587551
1.299712 4.000103 1.314904 0.150000 0.650000 0.181563 0.558794 0.809187 -0.951057 0.309017 0.000000 -0.250052 -0.769583 0.587551
0.000000 4.205956 1.314904 0.200000 0.650000 -0.000000 0.587551 0.809187 -1.000000 -0.000000 -0.000000 0.000000 -0.809187 0.587551
-1.299712 4.000103 1.314904 0.250000 0.650000 -0.181563 0.558794 0.809187 -0.951056 -0.309017 -0.000000 0.250053 -0.769583 0.587551
-2.472199 3.402690 1.314904 0.300000 0.650000 -0.345354 0.475339 0.809187 -0.809017 -0.587785 0.000000 0.475628 -0.654646 0.587551
-3.402690 2.472199 1.314904 0.350000 0.650000 -0.475339 0.345354 0.809187 -0.587785 -0.809017 0.000000 0.654646 -0.475628 0.587551
-4.000102 1.299712 1.314904 0.400000 0.650000 -0.558795 0.181563 0.809187 -0.309017 -0.951057 0.000000 0.769582 -0.250052 0.587551
-4.205956 -0.000000 1.314904 0.450000 0.650000 -0.587551 0.000000 0.809187 -0.000000 -1.000000 -0.000000 0.809187 -0.000000 0.587551
-1.002091 1.379260 -0.502249 0.300000 0.050000 0.558985 -0.769377 -0.309185 -0.809017 -0.587785 0.000000 -0.181734 0.250136 -0.951002
-4.000102 -1.299712 1.314904 0.500000 0.650000 -0.558795 -0.181563 0.809187 0.309017 -0.951056 0.000000 0.769582 0.250053 0.587551
-3.402689 -2.472198 1.314904 0.550000 0.650000 -0.475339 -0.345354 0.809187 0.587785 -0.809017 0.000000 0.654646 0.475628 0.587551
-2.472198 -3.402689 1.314904 0.600000 0.650000 -0.345354 -0.475339 0.809187 0.809017 -0.587785 0.000000 0.475628 0.654646 0.587551
-1.299712 -4.000101 1.314904 0.650000 0.650000 -0.181563 -0.558795 0.809187 0.951057 -0.309017 -0.000000 0.250052 0.769582 0.587551
-0.000000 -4.205955 1.314904 0.700000 0.650000 0.000000 -0.587551 0.809187 1.000000 0.000000 0.000000 -0.000000 0.809187 0.587551
1.299711 -4.000101 1.314904 0.750000 0.650000 0.181563 -0.558795 0.809187 0.951057 0.309017 0.000000 -0.250052 0.769583 0.587551
2.472198 -3.402689 1.314904 0.800000 0.650000 0.345354 -0.475339 0.809187 0.809017 0.587785 0.000000 -0.475628 0.654646 0.587551
3.402689 -2.472198 1.314904 0.850000 0.650000 0.475339 -0.345354 0.809187 0.587785 0.809017 -0.000000 -0.654646 0.475628 0.587551
4.000101 -1.299712 1.314904 0.900000 0.650000 0.558795 -0.181563 0.809187 0.309017 0.951057 0.000000 -0.769582 0.250052 0.587551
4.205955 -0.000000 1.314904 0.950000 0.650000 0.587551 -0.000001 0.809187 0.000001 1.000000 0.000000 -0.809187 0.000001 0.587551
-1.379260 1.002091 -0.502249 0.350000 0.050000 0.769377 -0.558985 -0.309185 -0.587785 -0.809017 -0.000000 -0.250136 0.181734 -0.951002
3.569193 1.159701 1.545763 0.000000 0.700000 0.293730 0.095438 0.951112 -0.440313 0.896665 0.046006 -0.848438 -0.432301 0.305400
3.569193 1.159701 1.545763 1.000000 0.700000 0.293730 0.095438 0.951112 -0.170823 0.984227 -0.046006 -0.940501 -0.148959 0.305400
3.036137 2.205883 1.545763 0.050000 0.700000 0.249862 0.181535 0.951112 -0.587785 0.809017 -0.000000 -0.769466 -0.559050 0.308846
2.205883 3.036137 1.545763 0.100000 0.700000 0.181535 0.249862 0.951112 -0.809017 0.587785 -0.000000 -0.559050 -0.769466 0.308846
1.159701 3.569193 1.545763 0.150000 0.700000 0.095439 0.293730 0.951112 -0.951057 0.309017 -0.000000 -0.293910 -0.904561 0.308846
0.000000 3.752872 1.545763 0.200000 0.700000 -0.000000 0.308846 0.951112 -1.000000 -0.000000 0.000000 0.000000 -0.951112 0.308846
-1.159701 3.569193 1.545763 0.250000 0.700000 -0.095439 0.293730 0.951112 -0.951056 -0.309017 -0.000000 0.293910 -0.904561 0.308846
-2.205882 3.036136 1.545763 0.300000 0.700000 -0.181535 0.249862 0.951112 -0.809017 -0.587785 0.000000 0.559050 -0.769466 0.308846
-3.036136 2.205882 1.545763 0.350000 0.700000 -0.249862 0.181535 0.951112 -0.587785 -0.809017 -0.000000 0.769466 -0.559050 0.308846
-3.569192 1.159701 1.545763 0.400000 0.700000 -0.293730 0.095439 0.951112 -0.309017 -0.951057 0.000000 0.904561 -0.293910 0.308846
-3.752871 -0.000000 1.545763 0.450000 0.700000 -0.308846 0.000000 0.951112 -0.000000 -1.000000 -0.000000 0.951112 -0.000000 0.308846
-1.621418 0.526830 -0.502249 0.400000 0.050000 0.904457 -0.293876 -0.309185 -0.309017 -0.951056 -0.000000 -0.294052 0.095543 -0.951002
-3.569192 -1.159701 1.545763 0.500000 0.700000 -0.293730 -0.095439 0.951112 0.309017 -0.951056 -0.000000 0.904561 0.293910 0.308846
-3.036136 -2.205882 1.545763 0.550000 0.700000 -0.249862 -0.181535 0.951112 0.587785 -0.809017 0.000000 0.769466 0.559050 0.308846
-2.205882 -3.036136 1.545763 0.600000 0.700000 -0.181535 -0.249862 0.951112 0.809017 -0.587785 0.000000 0.559049 0.769466 0.308846
-1.159701 -3.569191 1.545763 0.650000 0.700000 -0.095439 -0.293730 0.951112 0.951057 -0.309017 -0.000000 0.293910 0.904561 0.308846
-0.000000 -3.752870 1.545763 0.700000 0.700000 0.000000 -0.308846 0.951112 1.000000 0.000000 0.000000 -0.000000 0.951112 0.308846
1.159700 -3.569191 1.545763 0.750000 0.700000 0.095439 -0.293730 0.951112 0.951056 0.309017 0.000000 -0.293910 0.904561 0.308846
2.205881 -3.036135 1.545763 0.800000 0.700000 0.181535 -0.249862 0.951112 0.809017 0.587785 -0.000000 -0.559050 0.769466 0.308846
3.036135 -2.205882 1.545763 0.850000 0.700000 0.249862 -0.181535 0.951112 0.587785 0.809017 0.000000 -0.769466 0.559050 0.308846
3.569191 -1.159701 1.545763 0.900000 0.700000 0.293730 -0.095439 0.951112 0.309017 0.951056 0.000000 -0.904561 0.293910 0.308846
3.752870 -0.000000 1.545763 0.950000 0.700000 0.308846 -0.000000 0.951112 0.000001 1.000000 0.000000 -0.951112 0.000001 0.308846
-1.704859 0.000000 -0.502249 0.450000 0.050000 0.951002 0.000000 -0.309185 0.000000 -1.000000 0.000000 -0.309185 -0.000000 -0.951002
0.955334 1.314905 0.000000 0.100000 0.000000 -0.587785 -0.809017 -0.000001 -0.809017 0.587785 0.000000 0.000001 0.000001 -1.000000
0.955334 1.314905 0.000000 0.100000 1.000000 -0.587785 -0.809017 -0.000001 -0.809017 0.587785 -0.000000 0.000001 0.000001 -1.000000
3.091526 1.004498 1.625311 0.000000 0.750000 0.000000 0.000000 1.000000 -0.453990 0.891007 0.000000 -0.891007 -0.453990 0.000000
3.091526 1.004498 1.625311 1.000000 0.750000 0.000000 0.000000 1.000000 -0.156433 0.987689 -0.000000 -0.987689 -0.156433 0.000000
2.629809 1.910668 1.625311 0.050000 0.750000 0.000000 0.000000 1.000000 -0.587785 0.809017 0.000000 -0.809017 -0.587785 0.000000
1.910668 2.629809 1.625311 0.100000 0.750000 0.000000 0.000000 1.000000 -0.809017 0.587785 -0.000000 -0.587785 -0.809017 0.000000
1.004498 3.091526 1.625311 0.150000 0.750000 0.000000 0.000000 1.000000 -0.951057 0.309017 0.000000 -0.309017 -0.951057 0.000000
0.000000 3.250623 1.625311 0.200000 0.750000 0.000000 0.000000 1.000000 -1.000000 -0.000000 0.000000 0.000000 -1.000000 0.000000
-1.004498 3.091526 1.625311 0.250000 0.750000 -0.000000 0.000000 1.000000 -0.951056 -0.309017 -0.000000 0.309017 -0.951056 0.000000
-1.910668 2.629808 1.625311 0.300000 0.750000 -0.000000 0.000000 1.000000 -0.809017 -0.587785 -0.000000 0.587785 -0.809017 0.000000
-2.629808 1.910668 1.625311 0.350000 0.750000 -0.000000 0.000000 1.000000 -0.587785 -0.809017 -0.000000 0.809017 -0.587785 0.000000
-3.091525 1.004497 1.625311 0.400000 0.750000 -0.000000 0.000000 1.000000 -0.309017 -0.951057 -0.000000 0.951057 -0.309017 0.000000
-3.250622 -0.000000 1.625311 0.450000 0.750000 -0.000000 0.000000 1.000000 0.000000 -1.000000 0.000000 1.000000 0.000000 0.000000
-1.621418 -0.526830 -0.502249 0.500000 0.050000 0.904457 0.293876 -0.309185 0.309017 -0.951056 0.000000 -0.294052 -0.095543 -0.951002
-3.091525 -1.004497 1.625311 0.500000 0.750000 -0.000000 -0.000000 1.000000 0.309017 -0.951057 -0.000000 0.951057 0.309017 0.000000
-2.629808 -1.910667 1.625311 0.550000 0.750000 -0.000000 -0.000000 1.000000 0.587785 -0.809017 -0.000000 0.809017 0.587785 0.000000
-1.910667 -2.629808 1.625311 0.600000 0.750000 -0.000000 -0.000000 1.000000 0.809017 -0.587785 -0.000000 0.587785 0.809017 0.000000
-1.004497 -3.091525 1.625311 0.650000 0.750000 0.000000 -0.000000 1.000000 0.951057 -0.309017 -0.000000 0.309017 0.951057 0.000000
-0.000000 -3.250621 1.625311 0.700000 0.750000 0.000000 -0.000000 1.000000 1.000000 0.000000 -0.000000 -0.000000 1.000000 0.000000
1.004497 -3.091524 1.625311 0.750000 0.750000 0.000000 -0.000000 1.000000 0.951056 0.309017 -0.000000 -0.309017 0.951057 0.000000
1.910667 -2.629808 1.625311 0.800000 0.750000 0.000000 -0.000000 1.000000 0.809017 0.587785 -0.000000 -0.587785 0.809017 0.000000
2.629807 -1.910667 1.625311 0.850000 0.750000 0.000000 -0.000000 1.000000 0.587785 0.809017 -0.000000 -0.809017 0.587785 0.000000
3.091524 -1.004497 1.625311 0.900000 0.750000 0.000000 -0.000000 1.000000 0.309017 0.951056 -0.000000 -0.951057 0.309017 0.000000
3.250621 -0.000000 1.625311 0.950000 0.750000 0.000000 0.000000 1.000000 0.000001 1.000000 -0.000000 -1.000000 0.000001 0.000000
-1.379260 -1.002091 -0.502249 0.550000 0.050000 0.769377 0.558985 -0.309185 0.587785 -0.809017 0.000000 -0.250136 -0.181734 -0.951002
2.613859 0.849294 1.545763 0.000000 0.800000 -0.293730 -0.095438 0.951112 -0.440313 0.896665 -0.046006 -0.848438 -0.432301 -0.305400
2.613859 0.849294 1.545763 1.000000 0.800000 -0.293730 -0.095438 0.951112 -0.170823 0.984227 0.046006 -0.940501 -0.148959 -0.305400
2.223481 1.615453 1.545763 0.050000 0.800000 -0.249861 -0.181535 0.951112 -0.587785 0.809017 -0.000000 -0.769466 -0.559050 -0.308846
1.615453 2.223481 1.545763 0.100000 0.800000 -0.181535 -0.249861 0.951112 -0.809017 0.587785 -0.000000 -0.559050 -0.769466 -0.308846
0.849294 2.613858 1.545763 0.150000 0.800000 -0.095438 -0.293730 0.951112 -0.951057 0.309017 0.000000 -0.293910 -0.904562 -0.308846
0.000000 2.748373 1.545763 0.200000 0.800000 0.000000 -0.308846 0.951112 -1.000000 -0.000000 0.000000 0.000000 -0.951112 -0.308846
-0.849294 2.613858 1.545763 0.250000 0.800000 0.095439 -0.293730 0.951112 -0.951056 -0.309017 -0.000000 0.293910 -0.904561 -0.308846
-1.615453 2.223480 1.545763 0.300000 0.800000 0.181535 -0.249861 0.951112 -0.809017 -0.587785 0.000000 0.559050 -0.769466 -0.308846
-2.223480 1.615453 1.545763 0.350000 0.800000 0.249861 -0.181535 0.951112 -0.587785 -0.809017 0.000000 0.769466 -0.559050 -0.308846
-2.613858 0.849294 1.545763 0.400000 0.800000 0.293730 -0.095439 0.951112 -0.309017 -0.951057 0.000000 0.904561 -0.293910 -0.308846
-2.748373 -0.000000 1.545763 0.450000 0.800000 0.308846 0.000000 0.951112 0.000000 -1.000000 -0.000000 0.951112 0.000000 -0.308846
-1.002091 -1.379260 -0.502249 0.600000 0.050000 0.558985 0.769377 -0.309185 0.809017 -0.587785 -0.000000 -0.181734 -0.250136 -0.951002
-2.613858 -0.849294 1.545763 0.500000 0.800000 0.293730 0.095439 0.951112 0.309017 -0.951057 0.000000 0.904561 0.293910 -0.308846
-2.223480 -1.615453 1.545763 0.550000 0.800000 0.249861 0.181535 0.951112 0.587785 -0.809017 -0.000000 0.769466 0.559050 -0.308846
-1.615453 -2.223480 1.545763 0.600000 0.800000 0.181535 0.249861 0.951112 0.809017 -0.587785 -0.000000 0.559050 0.769466 -0.308846
-0.849294 -2.613858 1.545763 0.650000 0.800000 0.095439 0.293730 0.951112 0.951057 -0.309017 -0.000000 0.293910 0.904561 -0.308846
-0.000000 -2.748372 1.545763 0.700000 0.800000 -0.000000 0.308846 0.951112 1.000000 0.000000 0.000000 -0.000000 0.951112 -0.308846
0.849294 -2.613857 1.545763 0.750000 0.800000 -0.095439 0.293730 0.951112 0.951056 0.309017 0.000000 -0.293910 0.904561 -0.308846
1.615453 -2.223480 1.545763 0.800000 0.800000 -0.181535 0.249861 0.951112 0.809017 0.587785 0.000000 -0.559050 0.769466 -0.308846
2.223480 -1.615453 1.545763 0.850000 0.800000 -0.249861 0.181535 0.951112 0.587785 0.809017 -0.000000 -0.769466 0.559050 -0.308846
2.613857 -0.849294 1.545763 0.900000 0.800000 -0.293730 0.095439 0.951112 0.309017 0.951057 -0.000000 -0.904561 0.293910 -0.308846
2.748372 -0.000000 1.545763 0.950000 0.800000 -0.308846 0.000000 0.951112 0.000001 1.000000 0.000000 -0.951112 0.000001 -0.308846
-0.526830 -1.621417 -0.502249 0.650000 0.050000 0.293876 0.904456 -0.309185 0.951057 -0.309017 -0.000000 -0.095543 -0.294053 -0.951002
2.182949 0.709283 1.314905 0.000000 0.850000 -0.558794 -0.181563 0.809187 -0.404341 0.911553 -0.074692 -0.724056 -0.368925 -0.582784
2.182949 0.709283 1.314905 1.000000 0.850000 -0.558794 -0.181563 0.809187 -0.208677 0.975128 0.074692 -0.802623 -0.127121 -0.582784
1.856927 1.349137 1.314905 0.050000 0.850000 -0.475338 -0.345354 0.809187 -0.587785 0.809017 0.000000 -0.654646 -0.475628 -0.587551
1.349137 1.856927 1.314905 0.100000 0.850000 -0.345354 -0.475339 0.809187 -0.809017 0.587785 -0.000000 -0.475628 -0.654646 -0.587551
0.709283 2.182949 1.314905 0.150000 0.850000 -0.181563 -0.558794 0.809187 -0.951057 0.309017 -0.000000 -0.250052 -0.769583 -0.587551
0.000000 2.295288 1.314905 0.200000 0.850000 0.000000 -0.587551 0.809187 -1.000000 -0.000000 -0.000000 0.000000 -0.809187 -0.587551
-0.709283 2.182949 1.314905 0.250000 0.850000 0.181563 -0.558794 0.809187 -0.951057 -0.309017 0.000000 0.250053 -0.769583 -0.587551
-1.349136 1.856927 1.314905 0.300000 0.850000 0.345354 -0.475339 0.809187 -0.809017 -0.587785 0.000000 0.475628 -0.654646 -0.587551
