VertexCount: 194
TriangleCount: 154
Vertices
5.620409 -0.252146 16.488787 0.092836 0.005671 0.406465 -0.749776 0.522133 0.896987 0.218770 -0.384127 0.173782 0.624481 0.761462
5.620409 -0.252146 16.488787 0.379059 0.576305 0.406465 -0.749776 0.522133 -0.579013 0.230684 0.782003 -0.706775 -0.620178 -0.340365
5.620409 -0.252146 16.488787 0.924091 0.122691 0.406465 -0.749776 0.522133 0.913666 0.333554 -0.232283 0.000000 0.571470 0.820623
4.856617 2.223653 15.333934 0.158983 0.468716 -0.866462 0.315462 -0.386946 0.355316 -0.154802 -0.921839 -0.350705 -0.936227 0.022042
4.856617 2.223653 15.333934 0.158983 0.468716 -0.866462 0.315462 -0.386946 0.444320 0.133852 -0.885812 -0.227646 -0.939451 -0.256143
5.350530 2.223653 14.869973 0.179145 0.468716 -0.218085 0.181645 -0.958877 0.967226 -0.090701 -0.237166 -0.130051 -0.979172 -0.155911
5.350530 2.223653 14.869973 0.241818 0.468716 -0.218085 0.181645 -0.958877 0.974907 0.085522 -0.205530 0.044672 -0.979638 -0.195738
5.350530 2.223653 14.869973 0.241818 0.468716 -0.218085 0.181645 -0.958877 0.974907 0.085518 -0.205531 0.044667 -0.979639 -0.195737
6.076149 2.223653 15.035559 0.273350 0.468716 0.601863 -0.005280 -0.798582 0.798598 0.002367 0.601860 -0.001287 -0.999983 0.005641
6.076149 2.223653 15.035559 0.273350 0.468716 0.601863 -0.005280 -0.798582 0.798598 0.002427 0.601860 -0.001239 -0.999983 0.005677
6.076149 2.223653 15.035559 0.273350 0.468716 0.601863 -0.005280 -0.798582 0.798584 -0.002300 0.601880 -0.005015 -0.999983 0.002832
6.076149 2.223653 15.035559 0.315908 0.468716 0.601863 -0.005280 -0.798582 0.798582 -0.002511 0.601880 -0.005183 -0.999983 0.002705
6.399017 2.223653 15.607246 0.287381 0.468716 0.996833 -0.079495 -0.002011 0.005685 0.046026 0.998924 -0.079317 -0.995772 0.046332
6.399017 2.223653 15.607246 0.340751 0.468716 0.996833 -0.079495 -0.002011 0.005564 0.044499 0.998994 -0.079326 -0.995842 0.044800
6.399017 2.223653 15.607246 0.340751 0.468716 0.996833 -0.079495 -0.002011 -0.001599 -0.045323 0.998971 -0.079505 -0.995804 -0.045307
4.842870 -0.252146 15.513784 0.894807 0.085971 0.000000 -1.000000 0.000000 1.000000 0.000000 0.000000 -0.000000 0.000000 1.000000
6.176897 3.332014 15.983812 0.117019 0.161424 0.585405 0.155704 0.795649 0.809991 -0.070121 -0.582235 -0.034865 0.985312 -0.167167
6.176897 3.332014 15.983812 0.357115 0.420551 0.585405 0.155704 0.795649 -0.796934 -0.069834 0.600016 0.148988 -0.985332 0.083204
5.620288 3.332014 16.099899 0.092831 0.161424 -0.206050 0.132222 0.969567 0.978053 0.059122 0.199791 -0.030906 0.989455 -0.141502
5.620288 3.332014 16.099899 0.092831 0.161424 -0.206050 0.132222 0.969567 0.975611 -0.048870 0.213999 0.075678 0.990015 -0.118927
5.109134 3.332014 15.774630 0.070618 0.161424 -0.883461 0.081889 0.461292 0.465347 0.039276 0.884256 0.054293 0.995867 -0.072805
5.109134 3.332014 15.774630 0.139832 0.420551 -0.883461 0.081889 0.461292 -0.459868 0.036598 -0.887233 -0.089537 -0.995969 0.005325
5.109134 3.332014 15.774630 0.139832 0.420551 -0.883461 0.081889 0.461292 -0.459323 0.042575 -0.887249 -0.092295 -0.995732 0.000000
5.109133 3.332014 15.252939 0.162503 0.420551 -0.898826 0.045250 -0.435963 0.435412 -0.021920 -0.899964 -0.050280 -0.998735 0.000000
5.109133 3.332014 15.252939 0.162503 0.420551 -0.898826 0.045250 -0.435963 0.437252 0.023650 -0.899028 -0.030371 -0.998696 -0.041043
5.109133 3.332014 15.252939 0.162503 0.420551 -0.898826 0.045250 -0.435963 0.435412 -0.021920 -0.899964 -0.050280 -0.998735 0.000000
5.620288 3.332014 14.927670 0.176638 0.420551 -0.209253 0.047773 -0.976694 0.977479 -0.017723 -0.210288 -0.027356 -0.998701 -0.042989
5.620288 3.332014 14.927670 0.253540 0.420551 -0.209253 0.047773 -0.976694 0.977798 0.021654 -0.208430 0.011192 -0.998624 -0.051244
5.620288 3.332014 14.927670 0.253540 0.420551 -0.209253 0.047773 -0.976694 0.977798 0.021655 -0.208430 0.011193 -0.998623 -0.051244
4.565370 -0.252146 16.729593 0.046988 0.005671 -0.166438 -0.678624 0.715380 0.973071 -0.230372 0.007856 0.159472 0.697423 0.698692
4.565370 -0.252146 16.729593 0.884356 0.131761 -0.166438 -0.678624 0.715380 0.986052 -0.114547 0.120751 0.000000 0.725499 0.688223
4.565370 -0.252146 16.729593 0.046988 0.005671 -0.166438 -0.678624 0.715380 0.862271 0.251760 0.439438 -0.478317 0.689990 0.543255
6.176897 3.332014 15.043756 0.277728 0.420551 0.587916 0.084770 -0.804468 0.808699 -0.038249 0.586978 0.018988 -0.995666 -0.091041
6.176897 3.332014 15.043756 0.277728 0.420551 0.587916 0.084770 -0.804468 0.808699 -0.038249 0.586978 0.018988 -0.995666 -0.091041
6.176897 3.332014 15.043756 0.316264 0.420551 0.587916 0.084770 -0.804468 0.804696 0.040231 0.592322 0.082576 -0.995588 -0.044561
6.176897 3.332014 15.043756 0.277728 0.420551 0.587916 0.084770 -0.804468 0.804975 0.036809 0.592166 0.079809 -0.995721 -0.046597
6.460567 3.332014 15.513784 0.290055 0.420551 0.989333 0.145670 -0.000766 0.013506 -0.086492 0.996161 0.145045 -0.985545 -0.087537
6.460567 3.332014 15.513784 0.336689 0.420551 0.989333 0.145670 -0.000766 0.013506 -0.086492 0.996161 0.145045 -0.985545 -0.087537
6.460567 3.332014 15.513784 0.336689 0.420551 0.989333 0.145670 -0.000766 -0.012008 0.086793 0.996154 0.145176 -0.985519 0.087616
5.715138 4.857607 15.913081 0.096953 0.227720 0.601119 0.144236 0.786036 0.798440 -0.066677 -0.598370 -0.033896 0.987294 -0.155244
5.715138 4.857607 15.913081 0.354041 0.354255 0.601119 0.144236 0.786036 -0.785839 -0.072150 0.614208 0.145303 -0.986910 0.069975
5.715138 4.857607 15.913081 0.096953 0.227720 0.601119 0.144236 0.786036 0.798384 -0.065053 -0.598625 -0.035209 0.987403 -0.154260
5.715138 4.857607 15.913081 0.354041 0.354255 0.601119 0.144236 0.786036 -0.785839 -0.072151 0.614208 0.145304 -0.986910 0.069975
5.283065 4.857607 16.011700 0.078176 0.227720 -0.210393 0.012632 0.977535 0.977612 0.005891 0.210334 -0.003101 0.999903 -0.013588
5.283065 4.857607 16.011700 0.078176 0.227720 -0.210393 0.012632 0.977535 0.977584 -0.005477 0.210474 0.008013 0.999905 -0.011196
5.283065 4.857607 16.011700 0.078176 0.227720 -0.210393 0.012632 0.977535 0.977612 0.005891 0.210334 -0.003101 0.999903 -0.013588
5.283065 4.857607 16.011700 0.078176 0.227720 -0.210393 0.012632 0.977535 0.977577 -0.006277 0.210483 0.008794 0.999901 -0.011028
4.936566 4.857607 15.735377 0.063119 0.227720 -0.891334 -0.075937 0.446942 0.450340 -0.034962 0.892172 -0.052123 0.996500 0.065360
4.936566 4.857607 15.735377 0.141538 0.354255 -0.891334 -0.075937 0.446942 -0.445328 -0.037940 -0.894563 0.084887 -0.996391 -0.000000
4.936566 4.857607 15.735377 0.063119 0.227720 -0.891334 -0.075937 0.446942 0.450340 -0.034962 0.892172 -0.052123 0.996500 0.065360
4.936566 4.857607 15.735377 0.141538 0.354255 -0.891334 -0.075937 0.446942 -0.445328 -0.037940 -0.894563 0.084887 -0.996391 0.000000
4.936566 4.857607 15.292192 0.160797 0.354255 -0.891334 -0.075937 -0.446942 0.445329 0.037940 -0.894563 0.084887 -0.996391 0.000000
4.936566 4.857607 15.292192 0.160797 0.354255 -0.891334 -0.075937 -0.446942 0.450341 -0.034962 -0.892172 0.052123 -0.996499 0.065360
4.936566 4.857607 15.292192 0.160797 0.354255 -0.891334 -0.075937 -0.446942 0.445329 0.037940 -0.894563 0.084887 -0.996391 0.000000
4.936566 4.857607 15.292192 0.160797 0.354255 -0.891334 -0.075937 -0.446942 0.450341 -0.034962 -0.892172 0.052123 -0.996500 0.065360
5.283065 4.857607 15.015870 0.172805 0.354255 -0.210393 0.012632 -0.977535 0.977584 -0.005478 -0.210474 -0.008013 -0.999905 -0.011196
5.283065 4.857607 15.015870 0.238886 0.354255 -0.210393 0.012632 -0.977535 0.977612 0.005891 -0.210333 0.003102 -0.999903 -0.013589
5.283065 4.857607 15.015870 0.172805 0.354255 -0.210393 0.012632 -0.977535 0.977577 -0.006277 -0.210483 -0.008795 -0.999901 -0.011028
5.283065 4.857607 15.015870 0.238886 0.354255 -0.210393 0.012632 -0.977535 0.977612 0.005891 -0.210333 0.003101 -0.999903 -0.013589
5.715138 4.857607 15.114488 0.257662 0.354255 0.601119 0.144236 -0.786036 0.798441 -0.066677 0.598370 0.033896 -0.987294 -0.155245
5.715138 4.857607 15.114488 0.319338 0.354255 0.601119 0.144236 -0.786036 0.785839 0.072150 0.614208 0.145304 -0.986909 -0.069975
5.715138 4.857607 15.114488 0.257662 0.354255 0.601119 0.144236 -0.786036 0.798384 -0.065054 0.598625 0.035209 -0.987403 -0.154261
5.715138 4.857607 15.114488 0.319338 0.354255 0.601119 0.144236 -0.786036 0.785839 0.072151 0.614208 0.145304 -0.986909 -0.069975
5.907432 4.857607 15.513784 0.336689 0.354255 0.976921 0.213601 -0.000000 0.024585 -0.112443 0.993354 0.212181 -0.970428 -0.115099
5.907432 4.857607 15.513784 0.336689 0.354255 0.976921 0.213601 -0.000000 -0.024585 0.112443 0.993354 0.212181 -0.970428 0.115099
5.907432 4.857607 15.513784 0.336689 0.354255 0.976921 0.213601 -0.000000 0.021857 -0.099964 0.994751 0.212480 -0.971793 -0.102326
5.907432 4.857607 15.513784 0.336689 0.354255 0.976921 0.213601 -0.000000 -0.021857 0.099964 0.994751 0.212480 -0.971793 0.102326
5.615371 5.930218 15.897201 0.353351 0.307644 0.621215 -0.018747 0.783416 -0.783415 0.009090 0.621432 -0.018771 -0.999783 -0.009040
5.615371 5.930218 15.897201 0.092617 0.274332 0.621215 -0.018747 0.783416 0.783627 0.008962 -0.621167 0.004624 0.999784 0.020258
3.719295 -0.252146 16.054871 0.852491 0.106349 -0.719084 -0.594208 0.360326 0.694923 -0.614867 0.372854 -0.000000 0.518512 0.855070
3.719295 -0.252146 16.054871 0.010221 0.005671 -0.719084 -0.594208 0.360326 0.572723 -0.213076 0.791573 -0.393582 0.775574 0.493536
3.719295 -0.252146 16.054871 0.127654 0.576305 -0.719084 -0.594208 0.360326 -0.303225 -0.198253 -0.932068 0.625278 -0.779495 -0.037618
5.200480 5.930218 15.991897 0.074588 0.274332 -0.218205 0.071367 0.973290 0.975745 0.033924 0.216268 -0.017584 0.996873 -0.077039
5.200480 5.930218 15.991897 0.074588 0.274332 -0.218205 0.071367 0.973290 0.974649 -0.034599 0.221047 0.049450 0.996850 -0.062009
4.867764 5.930218 15.726564 0.060129 0.274332 -0.890243 0.141035 0.433100 0.444995 0.066406 0.893068 0.097194 0.987775 -0.121877
4.867764 5.930218 15.726564 0.141921 0.307644 -0.890243 0.141035 0.433100 -0.427766 0.067768 -0.901346 -0.156472 -0.987682 -0.000000
4.867764 5.930218 15.301005 0.160414 0.307644 -0.890243 0.141035 -0.433101 0.427767 -0.067768 -0.901345 -0.156472 -0.987682 -0.000000
4.867764 5.930218 15.301005 0.160414 0.307644 -0.890243 0.141035 -0.433101 0.444996 0.066406 -0.893067 -0.097194 -0.987775 -0.121877
5.200480 5.930218 15.035674 0.171945 0.307644 -0.218205 0.071368 -0.973290 0.974649 -0.034599 -0.221046 -0.049450 -0.996850 -0.062009
5.200480 5.930218 15.035674 0.235297 0.307644 -0.218205 0.071368 -0.973290 0.975745 0.033924 -0.216268 0.017583 -0.996873 -0.077039
5.615371 5.930218 15.130369 0.253326 0.307644 0.621214 -0.018746 -0.783417 0.783627 0.008962 0.621167 -0.004624 -0.999784 0.020257
5.615371 5.930218 15.130369 0.320028 0.307644 0.621214 -0.018746 -0.783417 0.783416 -0.009090 0.621431 -0.018770 -0.999783 0.009039
5.800013 5.930218 15.513784 0.336689 0.307644 0.998224 -0.059570 -0.000000 -0.001708 -0.028625 0.999589 -0.059545 -0.997814 -0.028676
5.800013 5.930218 15.513784 0.336689 0.307644 0.998224 -0.059570 -0.000000 0.001708 0.028625 0.999589 -0.059545 -0.997814 0.028676
5.887803 7.012868 15.830584 0.104456 0.321379 0.610281 -0.151537 0.777557 0.791312 0.070528 -0.607331 0.037194 0.985932 0.162955
5.887803 7.012868 15.830584 0.350456 0.260596 0.610281 -0.151537 0.777557 -0.777527 0.073367 0.624556 -0.151690 -0.985725 -0.073050
5.544999 7.012868 15.908827 0.089559 0.321379 -0.213022 0.128714 0.968532 0.976536 0.060121 0.206793 -0.031612 0.989858 -0.138501
5.544999 7.012868 15.908827 0.089559 0.321379 -0.213022 0.128714 0.968532 0.972964 -0.062592 0.222315 0.089238 0.989704 -0.111900
5.270092 7.012868 15.689594 0.077613 0.321379 -0.843383 0.340467 0.415677 0.484818 0.148685 0.861884 0.231638 0.928426 -0.290463
5.270092 7.012868 15.689594 0.143528 0.260596 -0.843383 0.340467 0.415677 -0.385454 0.155604 -0.909512 -0.374340 -0.927292 0.000000
5.270092 7.012868 15.337976 0.158808 0.260596 -0.843383 0.340467 -0.415678 0.385455 -0.155605 -0.909512 -0.374340 -0.927292 0.000000
5.270092 7.012868 15.337976 0.158808 0.260596 -0.843383 0.340467 -0.415678 0.484820 0.148686 -0.861883 -0.231637 -0.928426 -0.290464
3.719295 -0.252146 14.972699 0.174681 0.576305 -0.737529 -0.590637 -0.327412 0.546435 -0.237063 -0.803250 0.396812 -0.771329 0.497586
3.719295 -0.252146 14.972699 0.852491 0.065593 -0.737529 -0.590637 -0.327412 0.675315 -0.645050 -0.357575 -0.000000 -0.484828 0.874609
3.719295 -0.252146 14.972699 0.174681 0.576305 -0.737529 -0.590637 -0.327412 0.255562 0.204662 -0.944882 0.625091 -0.780552 -0.000000
5.544999 7.012868 15.118745 0.168335 0.260596 -0.213022 0.128713 -0.968532 0.972964 -0.062592 -0.222314 -0.089237 -0.989705 -0.111900
5.544999 7.012868 15.118745 0.250268 0.260596 -0.213022 0.128713 -0.968532 0.976536 0.060120 -0.206792 0.031612 -0.989858 -0.138500
5.887803 7.012868 15.196987 0.265165 0.260596 0.610280 -0.151537 -0.777557 0.791312 0.070528 0.607331 -0.037193 -0.985932 0.162955
5.887803 7.012868 15.196987 0.322923 0.260596 0.610280 -0.151537 -0.777557 0.777528 -0.073366 0.624555 -0.151690 -0.985725 0.073050
6.040365 7.012868 15.513784 0.336689 0.260596 0.962152 -0.272512 -0.000001 0.035460 0.125196 0.991498 -0.270195 -0.953972 0.130121
6.040365 7.012868 15.513784 0.336689 0.260596 0.962152 -0.272512 -0.000001 -0.035459 -0.125196 0.991498 -0.270196 -0.953972 -0.130120
6.337036 8.263803 15.796829 0.123978 0.375740 0.617365 -0.079050 0.782695 0.786436 0.037406 -0.616538 0.019460 0.996169 0.085261
6.337036 8.263803 15.796829 0.348989 0.206235 0.617365 -0.079050 0.782695 -0.782680 0.038440 0.621236 -0.079195 -0.996129 -0.038139
6.030759 8.263803 15.866735 0.110668 0.375740 -0.217976 0.077501 0.972872 0.975767 0.036806 0.215692 -0.019092 0.996313 -0.083646
6.030759 8.263803 15.866735 0.110668 0.375740 -0.217976 0.077501 0.972872 0.974476 -0.037564 0.221327 0.053698 0.996284 -0.067335
5.785142 8.263803 15.670861 0.099995 0.375740 -0.880641 0.199715 0.429635 0.453468 0.092598 0.886449 0.137254 0.975469 -0.172110
5.785142 8.263803 15.670861 0.144342 0.206235 -0.880641 0.199715 0.429635 -0.418995 0.095021 -0.903003 -0.221168 -0.975236 0.000000
5.785142 8.263803 15.356707 0.157994 0.206235 -0.880640 0.199715 -0.429636 0.418996 -0.095022 -0.903002 -0.221168 -0.975236 -0.000000
5.785142 8.263803 15.356707 0.157994 0.206235 -0.880640 0.199715 -0.429636 0.453469 0.092599 -0.886449 -0.137253 -0.975469 -0.172111
6.030759 8.263803 15.160835 0.166506 0.206235 -0.217975 0.077500 -0.972872 0.974476 -0.037563 -0.221327 -0.053697 -0.996285 -0.067334
6.030759 8.263803 15.160835 0.271378 0.206235 -0.217975 0.077500 -0.972872 0.975768 0.036806 -0.215692 0.019091 -0.996313 -0.083645
6.337036 8.263803 15.230741 0.284687 0.206235 0.617364 -0.079050 -0.782696 0.786437 0.037406 0.616537 -0.019460 -0.996169 0.085261
6.337036 8.263803 15.230741 0.324389 0.206235 0.617364 -0.079050 -0.782696 0.782681 -0.038439 0.621235 -0.079195 -0.996129 0.038140
6.473343 8.263804 15.513784 0.336689 0.206235 0.988949 -0.148254 -0.000001 0.010559 0.070428 0.997461 -0.147878 -0.986438 0.071215
6.473343 8.263804 15.513784 0.336689 0.206235 0.988949 -0.148254 -0.000001 -0.010557 -0.070430 0.997461 -0.147878 -0.986438 -0.071217
4.565370 -0.252146 14.297976 0.204002 0.576305 -0.168785 -0.653187 -0.738145 0.872898 0.248757 -0.419724 0.457777 -0.715169 0.528179
4.565370 -0.252146 14.297976 0.207698 0.576305 -0.168785 -0.653187 -0.738145 0.973563 -0.227417 -0.021374 -0.153905 -0.722238 0.674304
4.565370 -0.252146 14.297976 0.884356 0.040181 -0.168785 -0.653187 -0.738145 0.985653 -0.111853 -0.126401 -0.000000 -0.748889 0.662695
6.308395 9.528172 15.757819 0.122733 0.430685 0.612404 0.137626 0.778473 0.789822 -0.064399 -0.609946 -0.033812 0.988389 -0.148138
6.308395 9.528172 15.757819 0.347294 0.151291 0.612404 0.137626 0.778473 -0.778450 -0.066616 0.624162 0.137759 -0.988242 0.066339
6.044331 9.528172 15.818090 0.111258 0.430685 -0.219461 -0.022421 0.975364 0.975606 -0.010709 0.219269 0.005529 0.999691 0.024224
6.044331 9.528172 15.818090 0.111258 0.430685 -0.219461 -0.022421 0.975364 0.975498 0.010879 0.219741 -0.015538 0.999690 0.019484
5.832566 9.528172 15.649213 0.102056 0.430685 -0.888551 -0.150240 0.433480 0.446961 -0.070424 0.891777 -0.103453 0.986138 0.129727
5.832566 9.528172 15.649213 0.145283 0.151291 -0.888551 -0.150240 0.433480 -0.427413 -0.072269 -0.901163 0.166718 -0.986005 -0.000000
5.832566 9.528172 15.378356 0.157053 0.151291 -0.888552 -0.150241 -0.433479 0.427412 0.072268 -0.901164 0.166718 -0.986005 0.000001
5.832566 9.528172 15.378356 0.157053 0.151291 -0.888552 -0.150241 -0.433479 0.446960 -0.070423 -0.891778 0.103455 -0.986138 0.129726
6.044331 9.528172 15.209479 0.164392 0.151291 -0.219462 -0.022423 -0.975363 0.975497 0.010880 -0.219742 0.015539 -0.999689 0.019486
6.044331 9.528172 15.209479 0.271967 0.151291 -0.219462 -0.022423 -0.975363 0.975605 -0.010711 -0.219271 -0.005530 -0.999691 0.024227
6.308395 9.528172 15.269750 0.283443 0.151291 0.612404 0.137624 -0.778473 0.789822 -0.064399 0.609946 0.033811 -0.988389 -0.148137
6.308395 9.528172 15.269750 0.326085 0.151291 0.612404 0.137624 -0.778473 0.778450 0.066616 0.624162 0.137759 -0.988242 -0.066338
6.425914 9.528172 15.513784 0.336689 0.151291 0.978355 0.206932 0.000001 0.020519 -0.097016 0.995071 0.205912 -0.973533 -0.099162
6.425914 9.528172 15.513784 0.336689 0.151291 0.978355 0.206932 0.000001 -0.020520 0.097015 0.995071 0.205912 -0.973533 0.099161
5.905055 10.546315 15.757818 0.105206 0.474929 0.614925 0.057269 0.786503 0.788460 -0.026849 -0.614500 -0.014075 0.997998 -0.061665
5.905055 10.546315 15.757818 0.347294 0.107046 0.614925 0.057269 0.786503 -0.786485 -0.028213 0.616965 0.057523 -0.997960 0.027693
5.640994 10.546315 15.818089 0.093731 0.474929 -0.215284 0.029430 0.976108 0.976525 0.013901 0.214957 -0.007243 0.999470 -0.031732
5.640994 10.546315 15.818089 0.093731 0.474929 -0.215284 0.029430 0.976108 0.976338 -0.014433 0.215769 0.020438 0.999463 -0.025627
5.429229 10.546316 15.649213 0.084528 0.474929 -0.896769 0.004787 0.442473 0.442486 0.002245 0.896773 0.003299 0.999986 -0.004132
5.429229 10.546316 15.649213 0.145283 0.107046 -0.896769 0.004787 0.442473 -0.442466 0.002359 -0.896782 -0.005337 -0.999986 0.000002
5.620409 -0.252146 14.538782 0.253545 0.576305 0.419535 -0.731542 -0.537435 0.891669 0.221205 0.394961 -0.170047 -0.644914 0.745097
5.620409 -0.252146 14.538782 0.294320 0.576305 0.419535 -0.731542 -0.537435 0.588156 -0.231901 0.774787 -0.691421 -0.641146 0.332971
5.620409 -0.252146 14.538782 0.924091 0.049250 0.419535 -0.731542 -0.537435 0.907739 0.338101 0.248390 -0.000001 -0.592059 0.805895
5.429229 10.546315 15.378356 0.157053 0.107046 -0.896771 0.004787 -0.442469 0.442462 -0.002363 -0.896784 -0.005338 -0.999986 0.000002
5.429229 10.546315 15.378356 0.157053 0.107046 -0.896771 0.004787 -0.442469 0.442482 0.002253 -0.896774 -0.003296 -0.999986 -0.004138
5.640994 10.546316 15.209476 0.164392 0.107046 -0.215291 0.029431 -0.976106 0.976336 -0.014430 -0.215777 -0.020436 -0.999463 -0.025628
5.640994 10.546316 15.209476 0.254440 0.107046 -0.215291 0.029431 -0.976106 0.976523 0.013898 -0.214964 0.007239 -0.999470 -0.031732
5.905055 10.546315 15.269747 0.265915 0.107046 0.614925 0.057270 -0.786503 0.788460 -0.026851 0.614500 0.014074 -0.997998 -0.061666
5.905055 10.546315 15.269747 0.326085 0.107046 0.614925 0.057270 -0.786503 0.786484 0.028213 0.616965 0.057523 -0.997960 -0.027692
6.022571 10.546317 15.513785 0.336689 0.107046 0.997661 0.068350 0.000005 0.002243 -0.032815 0.999459 0.068313 -0.997122 -0.032891
6.022571 10.546317 15.513785 0.336689 0.107046 0.997661 0.068350 0.000005 -0.002253 0.032815 0.999459 0.068313 -0.997122 0.032892
6.329397 12.083385 15.667105 0.123646 0.541724 0.621221 -0.012474 0.783536 0.783630 0.005962 -0.621200 0.003077 0.999904 0.013479
6.329397 12.083385 15.667105 0.343352 0.040251 0.621221 -0.012474 0.783536 -0.783536 0.006046 0.621317 -0.012487 -0.999904 -0.006018
6.163496 12.083385 15.704977 0.116437 0.541724 -0.216719 0.122748 0.968486 0.975767 0.057933 0.211005 -0.030207 0.990746 -0.132329
6.163496 12.083385 15.704977 0.116437 0.541724 -0.216719 0.122748 0.968486 0.972529 -0.059204 0.225127 0.084972 0.990670 -0.106545
6.030447 12.083385 15.598873 0.110655 0.541724 -0.875707 0.226671 0.426331 0.457072 0.104552 0.883263 0.155636 0.968344 -0.195162
6.030447 12.083385 15.598873 0.147470 0.040251 -0.875707 0.226671 0.426331 -0.412729 0.106831 -0.904567 -0.250584 -0.968095 0.000001
6.030446 12.083385 15.428697 0.154865 0.040251 -0.875706 0.226674 -0.426330 0.412726 -0.106840 -0.904568 -0.250591 -0.968093 0.000006
6.030446 12.083385 15.428697 0.154865 0.040251 -0.875706 0.226674 -0.426330 0.457072 0.104553 -0.883263 -0.155639 -0.968343 -0.195164
6.163496 12.083385 15.322594 0.159476 0.040251 -0.216739 0.122749 -0.968482 0.972525 -0.059192 -0.225146 -0.084963 -0.990671 -0.106547
6.163496 12.083385 15.322594 0.277146 0.040251 -0.216739 0.122749 -0.968482 0.975762 0.057933 -0.211026 0.030203 -0.990745 -0.132330
6.329399 12.083385 15.360458 0.284355 0.040251 0.621207 -0.012474 -0.783548 0.783641 0.005962 0.621186 -0.003077 -0.999905 0.013478
6.329399 12.083385 15.360458 0.330026 0.040251 0.621207 -0.012474 -0.783548 0.783547 -0.006046 0.621303 -0.012488 -0.999904 0.006018
6.089945 -0.252146 15.513784 0.336689 0.576305 0.627137 -0.778907 -0.001565 0.294491 0.235248 0.926247 -0.721092 -0.581345 0.376913
6.089945 -0.252146 15.513784 0.336689 0.576305 0.627137 -0.778907 -0.001565 -0.290156 -0.235483 0.927555 -0.722847 -0.581250 -0.373685
6.089945 -0.252146 15.513784 0.941774 0.085971 0.627137 -0.778907 -0.001565 0.778909 0.627136 0.001260 -0.000000 -0.002010 0.999998
6.403227 12.083386 15.513785 0.336689 0.040251 0.997297 -0.073480 0.000014 0.002585 0.035268 0.999375 -0.073435 -0.996673 0.035363
6.403227 12.083386 15.513785 0.336689 0.040251 0.997297 -0.073480 0.000014 -0.002612 -0.035270 0.999374 -0.073434 -0.996673 -0.035366
6.282897 12.879146 15.603771 0.121625 0.576305 0.178092 0.958364 0.223207 0.960229 -0.119685 -0.252261 -0.215043 0.259256 -0.941564
6.282897 12.879146 15.603771 0.340600 0.005671 0.178092 0.958364 0.223207 -0.459432 -0.119609 0.880123 0.870175 -0.259291 0.419002
6.282897 12.879146 15.603771 0.952227 0.124145 0.178092 0.958364 0.223207 0.984014 -0.173446 -0.040414 -0.000017 0.226836 -0.973933
6.185529 12.879146 15.626009 0.117394 0.576305 0.178092 0.958364 0.223207 0.960240 -0.119698 -0.252215 -0.214996 0.259250 -0.941576
6.185529 12.879146 15.626009 0.117394 0.576305 0.178092 0.958364 0.223207 0.762355 -0.277800 0.584501 0.622172 0.066069 -0.780088
6.185529 12.879146 15.626009 0.948560 0.123308 0.178092 0.958364 0.223207 0.984014 -0.173449 -0.040399 -0.000002 0.226834 -0.973934
6.271841 12.879145 15.513783 0.951811 0.127534 0.178092 0.958364 0.223207 0.984014 -0.173448 -0.040403 -0.000006 0.226835 -0.973933
6.107437 12.879147 15.563725 0.114000 0.576305 -0.593632 0.804737 0.000004 0.571591 0.421643 0.703918 0.566467 0.417871 -0.710281
6.107437 12.879147 15.563725 0.148998 0.005671 -0.593632 0.804737 0.000004 -0.000021 -0.000010 -1.000000 -0.804737 -0.593632 0.000022
6.107437 12.879147 15.563725 0.945619 0.125653 -0.593632 0.804737 0.000004 0.804737 0.593632 0.000007 0.000003 0.000008 -1.000000
6.107433 12.879146 15.463841 0.153338 0.005671 -0.593632 0.804737 0.000004 -0.000035 -0.000020 -1.000000 -0.804737 -0.593632 0.000040
6.107433 12.879146 15.463841 0.153338 0.005671 -0.593632 0.804737 0.000004 0.571628 0.421678 -0.703867 -0.566429 -0.417835 -0.710332
6.107433 12.879146 15.463841 0.945619 0.129415 -0.593632 0.804737 0.000004 0.804736 0.593632 0.000006 0.000002 0.000007 -1.000000
6.185529 12.879147 15.401570 0.156044 0.005671 0.132615 0.803316 -0.580600 0.813728 -0.422692 -0.398971 -0.565915 -0.419541 -0.709736
6.185529 12.879147 15.401570 0.278103 0.005671 0.132615 0.803316 -0.580600 0.974922 -0.000099 0.222545 0.178716 -0.595553 -0.783184
6.185529 12.879147 15.401570 0.948560 0.131760 0.132615 0.803316 -0.580600 0.991168 -0.107482 0.077681 -0.000002 -0.585774 -0.810475
6.282901 12.879146 15.423786 0.282335 0.005671 0.132615 0.803316 -0.580600 0.974929 -0.000120 0.222518 0.178683 -0.595553 -0.783192
6.282901 12.879146 15.423786 0.332778 0.005671 0.132615 0.803316 -0.580600 0.559936 0.422628 0.712641 0.817854 -0.419606 -0.393759
6.282901 12.879146 15.423786 0.952228 0.130924 0.132615 0.803316 -0.580600 0.991168 -0.107480 0.077684 0.000002 -0.585774 -0.810474
6.326226 12.879147 15.513783 0.336689 0.005671 0.178092 0.958364 0.223207 0.399996 -0.277753 0.873416 0.899047 -0.066266 -0.432808
6.326226 12.879147 15.513783 0.336689 0.005671 0.178092 0.958364 0.223207 -0.459414 -0.119614 0.880131 0.870185 -0.259289 0.418984
6.326226 12.879147 15.513783 0.953859 0.127534 0.178092 0.958364 0.223207 0.984014 -0.173444 -0.040422 -0.000025 0.226838 -0.973933
6.076149 2.223653 16.191057 0.366121 0.468716 0.603556 0.035449 0.796532 -0.796571 -0.016517 0.604320 0.034579 -0.999235 0.018269
6.076149 2.223653 16.191057 0.112641 0.113259 0.603556 0.035449 0.796532 0.797276 -0.016261 -0.603396 -0.008438 0.999239 -0.038077
5.350530 2.223653 16.356642 0.081108 0.113259 -0.216132 0.230212 0.948836 0.974728 0.107104 0.196044 -0.056493 0.967229 -0.247543
5.350530 2.223653 16.356642 0.081108 0.113259 -0.216132 0.230212 0.948836 0.961914 -0.116371 0.247346 0.167359 0.966157 -0.196293
4.932429 2.223653 15.951668 0.132139 0.468716 -0.840586 0.328790 0.430479 -0.417552 0.112944 -0.901607 -0.345060 -0.937625 0.042348
4.932429 2.223653 15.951668 0.062939 0.113259 -0.840586 0.328790 0.430479 0.488386 0.116284 0.864845 0.234295 0.937217 -0.258323
Indices
0
190 29 189
190 0 31
193 70 191
193 31 71
3 94 192
3 71 4
115 92 5
115 4 6
138 116 8
138 6 11
161 139 13
161 11 162
188 1 14
188 162 15
2 30 15
30 69 15
69 93 15
93 117 15
117 140 15
140 163 15
163 2 172
171 168 172
175 171 172
178 175 172
181 178 172
184 181 172
187 184 172
168 187 189
18 190 16
18 189 191
20 193 19
20 191 21
3 192 23
3 21 24
5 4 26
5 24 27
9 7 32
9 27 35
12 10 36
12 35 14
17 188 38
17 14 39
18 16 43
18 39 44
20 19 47
20 44 48
25 22 51
25 48 24
55 26 52
55 24 28
59 33 56
59 28 34
63 37 60
63 34 64
17 38 40
17 64 68
45 41 72
45 68 73
49 46 74
49 73 75
53 50 76
53 75 54
78 57 77
78 54 58
80 61 79
80 58 62
83 65 81
83 62 82
42 66 67
42 82 68
86 72 84
86 68 73
88 74 87
88 73 89
76 75 90
76 89 91
78 77 95
78 91 96
80 79 97
80 96 98
83 81 99
83 98 82
85 67 100
85 82 84
103 86 101
103 84 87
105 88 104
105 87 106
90 89 107
90 106 108
95 91 109
95 108 110
97 96 111
97 110 112
99 98 113
99 112 100
102 85 114
102 100 101
120 103 118
120 101 104
122 105 121
122 104 123
107 106 124
107 123 125
109 108 126
109 125 127
111 110 128
111 127 129
113 112 130
113 129 131
102 114 119
102 131 132
120 118 134
120 132 135
122 121 136
122 135 137
124 123 141
124 137 125
143 126 142
143 125 127
145 128 144
145 127 129
147 130 146
147 129 148
119 131 133
119 148 132
151 134 149
151 132 135
153 136 152
153 135 154
141 137 155
141 154 156
143 142 157
143 156 158
145 144 159
145 158 160
147 146 164
147 160 148
150 133 165
150 148 149
169 151 166
169 149 152
173 153 170
173 152 174
155 154 176
155 174 177
157 156 179
157 177 180
159 158 182
159 180 183
164 160 185
164 183 165
167 150 186
167 165