VertexCount: 162
TriangleCount: 111
Vertices
4.273872 0.141142 16.332428 0.004998 0.967126 -0.192290 -0.014819 0.981226 -0.981308 -0.004969 -0.192381 0.007727 -0.999878 -0.013586
4.273872 0.141142 16.332428 0.986634 0.967126 -0.192290 -0.014819 0.981226 -0.981305 0.011115 -0.192137 -0.008059 -0.999829 -0.016679
-1.258728 39.711811 -6.850464 0.464554 0.410298 -0.341276 0.038311 -0.939182 0.939956 0.017937 -0.340825 0.003789 -0.999105 -0.042133
-1.258728 39.711811 -6.850464 0.464554 0.410298 -0.341276 0.038311 -0.939182 0.939305 -0.023484 -0.342279 -0.035169 -0.998990 -0.027972
-1.258728 39.711811 -6.850464 0.464554 0.410298 0.000000 -1.000000 0.000000 0.622470 -0.000000 -0.782644 0.782644 0.000000 0.622470
-1.258728 39.711811 -6.850464 0.464554 0.410298 0.000000 -1.000000 0.000002 0.995981 0.000000 0.089568 -0.089568 0.000002 0.995981
9.523994 39.711811 -5.880768 0.606247 0.410298 0.499547 0.056772 -0.864424 0.866269 -0.026436 0.498877 0.005470 -0.998037 -0.062385
9.523994 39.711811 -5.880768 0.606247 0.410298 0.499547 0.056772 -0.864424 0.864979 0.022128 0.501321 0.047589 -0.998142 -0.038052
9.523994 39.711811 -5.880768 0.606247 0.410298 0.000000 -1.000000 0.000002 0.995981 0.000000 0.089569 -0.089569 0.000002 0.995981
9.523994 39.711811 -5.880768 0.606247 0.410298 0.000000 -1.000000 -0.000001 0.624509 -0.000001 0.781018 -0.781018 -0.000001 0.624509
15.486740 39.711811 1.576309 0.723758 0.410298 0.963112 0.054708 -0.263481 0.262224 0.029134 0.964567 0.060445 -0.998077 0.013713
15.486740 39.711811 1.576309 0.723758 0.410298 0.963112 0.054708 -0.263481 0.264997 -0.022460 0.963988 0.046820 -0.998250 -0.036129
15.486740 39.711811 1.576309 0.723758 0.410298 0.000000 -1.000000 -0.000001 0.624508 -0.000001 0.781018 -0.781018 -0.000001 0.624508
15.486740 39.711811 1.576309 0.723758 0.410298 0.000000 -1.000000 0.000001 -0.221250 0.000001 0.975217 -0.975217 -0.000000 -0.221250
13.374260 39.711811 10.887596 0.844630 0.410298 0.782140 0.035865 0.622070 -0.622862 0.017258 0.782141 0.017316 -0.999208 0.035837
13.374260 39.711811 10.887596 0.844630 0.410298 0.782140 0.035865 0.622070 -0.621893 -0.017258 0.782912 0.038815 -0.999208 0.008806
13.374260 39.711811 10.887596 0.844630 0.410298 0.000000 -1.000000 0.000001 -0.221250 0.000001 0.975217 -0.975217 -0.000000 -0.221250
13.374260 39.711811 10.887596 0.844630 0.410298 0.000000 -1.000000 -0.000000 -0.900403 -0.000000 0.435056 -0.435056 0.000000 -0.900403
10.043823 31.157875 -5.467323 0.610951 0.528650 0.482869 0.001208 -0.875692 0.875693 -0.000538 0.482869 0.000113 -0.999999 -0.001317
10.043823 31.157875 -5.467323 0.610951 0.528650 0.482869 0.001208 -0.875692 0.875692 0.000525 0.482870 0.001043 -0.999999 -0.000804
-0.670761 31.157875 -6.382828 0.456007 0.528650 -0.404081 0.020111 -0.914502 0.914721 0.011205 -0.403931 0.002124 -0.999735 -0.022923
-0.670761 31.157875 -6.382828 0.456007 0.528650 -0.404081 0.020111 -0.914502 0.914538 -0.011257 -0.404344 -0.018426 -0.999734 -0.013843
-6.614067 31.157875 1.089790 0.308686 0.528650 -0.975567 0.027193 -0.218014 0.218426 0.013198 -0.975764 -0.023657 -0.999543 -0.018815
-6.614067 31.157875 1.089790 0.308686 0.528650 -0.975567 0.027193 -0.218014 0.217702 -0.013987 -0.975915 -0.029587 -0.999532 0.007725
-4.325211 31.157875 10.516510 0.156106 0.528650 -0.759837 0.006057 0.650086 -0.650081 0.003073 -0.759859 -0.006600 -0.999977 0.001603
-4.325211 31.157875 10.516510 0.156106 0.528650 -0.759837 0.006057 0.650086 -0.650108 -0.002624 -0.759838 -0.002897 -0.999978 0.005932
4.282555 31.157875 14.647964 0.004998 0.528650 -0.083761 -0.045388 0.995452 -0.996264 -0.017248 -0.084616 0.021010 -0.998821 -0.043774
4.282555 31.157875 14.647964 0.986634 0.528650 -0.083761 -0.045388 0.995452 -0.996222 0.026804 -0.082604 -0.022932 -0.998610 -0.047462
12.879501 31.157875 10.494095 0.851986 0.528650 0.780316 -0.077064 0.620619 -0.624279 -0.036976 0.780326 -0.037187 -0.996340 -0.076963
12.879501 31.157875 10.494095 0.851986 0.528650 0.780316 -0.077064 0.620619 -0.619805 0.036976 0.783884 -0.083357 -0.996340 -0.018912
-9.548927 0.141142 8.470917 0.186087 0.967126 -0.727763 -0.014936 0.685666 -0.685786 0.004631 -0.727789 0.007695 -0.999878 -0.013614
-9.548927 0.141142 8.470917 0.186087 0.967126 -0.727763 -0.014936 0.685666 -0.685621 -0.008749 -0.727906 0.016871 -0.999850 -0.003874
14.991989 31.157875 1.182808 0.723082 0.528650 0.953959 -0.042550 -0.296903 0.296082 -0.024606 0.954846 -0.047934 -0.998791 -0.010875
14.991989 31.157875 1.182808 0.723082 0.528650 0.953959 -0.042550 -0.296903 0.297747 0.014939 0.954528 -0.036180 -0.998983 0.026920
7.374336 13.477112 -7.590485 0.581640 0.787597 0.627488 0.065677 -0.775851 0.778600 -0.044722 0.625926 0.006411 -0.996838 -0.079198
7.374336 13.477112 -7.590485 0.581640 0.787597 0.627488 0.065677 -0.775851 0.776853 0.014394 0.629517 0.052512 -0.997737 -0.041989
-3.717381 13.477112 -8.805939 0.431732 0.787597 -0.336165 0.191164 -0.922198 0.941519 0.092252 -0.324085 0.023122 -0.977213 -0.210997
-3.717381 13.477112 -8.805939 0.431732 0.787597 -0.336165 0.191164 -0.922198 0.921735 -0.134281 -0.363831 -0.193385 -0.972330 -0.131062
-8.870495 13.477112 -0.704842 0.301359 0.787597 -0.976362 0.180066 -0.119558 0.137737 0.092053 -0.986182 -0.166572 -0.979338 -0.114679
-8.870495 13.477112 -0.704842 0.301359 0.787597 -0.976362 0.180066 -0.119558 0.109653 -0.064027 -0.991906 -0.186263 -0.981569 0.042769
-6.733742 13.477112 8.600899 0.164954 0.787597 -0.661183 0.060903 0.747749 -0.746701 0.043076 -0.663764 -0.072635 -0.997214 0.016995
-6.733742 13.477112 8.600899 0.164954 0.787597 -0.661183 0.060903 0.747749 -0.749688 -0.015916 -0.661601 -0.028392 -0.998017 0.056182
2.627663 13.477112 13.331757 0.004998 0.787597 -0.001687 0.016202 0.999867 -0.999964 0.008278 -0.001821 -0.008306 -0.999835 0.016188
2.627663 13.477112 13.331757 0.986634 0.787597 -0.001687 0.016202 0.999867 -0.999968 -0.007861 -0.001559 0.007835 -0.999838 0.016215
11.224609 13.477112 9.177879 0.852421 0.787597 0.782602 0.010226 0.622438 -0.622502 0.004924 0.782602 0.004938 -0.999936 0.010220
11.224609 13.477112 9.177879 0.852421 0.787597 0.782602 0.010226 0.622438 -0.622424 -0.004924 0.782665 0.011069 -0.999936 0.002511
13.337097 13.477112 -0.133400 0.715223 0.787597 0.980526 0.018540 -0.195513 0.195390 0.008276 0.980691 0.019800 -0.999794 0.004492
13.337097 13.477112 -0.133400 0.715223 0.787597 0.980526 0.018540 -0.195513 0.195699 -0.008814 0.980624 0.016458 -0.999789 -0.012271
4.806511 39.711811 16.627487 0.986634 0.385638 0.435056 0.000000 0.900404 -0.900404 0.000000 0.435056 -0.000000 -1.000000 0.000000
4.806511 39.711811 16.627487 0.004998 0.385638 0.000000 -1.000000 -0.000001 -0.901535 0.000000 -0.432707 0.432707 0.000001 -0.901535
4.806511 39.711811 16.627487 0.986634 0.385638 0.000000 -1.000000 -0.000000 -0.900403 -0.000000 0.435056 -0.435056 0.000000 -0.900403
4.806511 39.711811 16.627487 0.004998 0.385638 -0.432707 0.000000 0.901535 -0.901534 0.000000 -0.432707 -0.000000 -1.000000 0.000000
-5.025146 39.711811 11.908615 0.169005 0.385638 -0.950271 0.000000 0.311425 -0.311425 0.000000 -0.950271 -0.000000 -1.000000 0.000000
-5.025146 39.711811 11.908615 0.169005 0.385638 0.000000 -1.000000 -0.000001 -0.901534 0.000000 -0.432707 0.432707 0.000001 -0.901534
-5.025146 39.711811 11.908615 0.169005 0.385638 0.000000 -1.000000 -0.000000 -0.311426 0.000000 -0.950271 0.950271 0.000000 -0.311426
-5.025146 39.711811 11.908615 0.169005 0.385638 -0.432707 0.000000 0.901535 -0.901534 0.000000 -0.432707 -0.000000 -1.000000 0.000000
-12.014481 0.141142 -2.266762 0.308033 0.967126 -0.983224 -0.010200 -0.182115 0.182079 0.004419 -0.983274 0.010834 -0.999938 -0.002488
-12.014481 0.141142 -2.266762 0.308033 0.967126 -0.983224 -0.010200 -0.182115 0.182176 -0.005330 -0.983252 0.009059 -0.999934 0.007099
-8.876091 39.711811 0.157967 0.335269 0.385638 -0.950271 0.000000 0.311425 -0.311425 0.000000 -0.950271 -0.000000 -1.000000 0.000000
-8.876091 39.711811 0.157967 0.335269 0.385638 -0.782643 0.000000 -0.622470 0.622470 0.000000 -0.782643 -0.000000 -1.000000 -0.000000
-8.876091 39.711811 0.157967 0.335269 0.385638 0.000000 -1.000000 -0.000000 -0.311425 0.000000 -0.950271 0.950271 0.000000 -0.311425
-8.876091 39.711811 0.157967 0.335269 0.385638 0.000000 -1.000000 0.000000 0.622470 -0.000000 -0.782644 0.782644 0.000000 0.622470
-2.087765 39.711811 -8.377129 0.465043 0.385638 -0.782643 0.000000 -0.622470 0.622470 0.000000 -0.782643 -0.000000 -1.000000 -0.000000
-2.087765 39.711811 -8.377129 0.465043 0.385638 0.089567 0.000000 -0.995981 0.995981 0.000000 0.089567 0.000000 -1.000000 0.000000
-2.087765 39.711811 -8.377129 0.465043 0.385638 0.000000 -1.000000 0.000000 0.622470 -0.000000 -0.782644 0.782644 0.000000 0.622470
-2.087765 39.711811 -8.377129 0.465043 0.385638 0.000000 -1.000000 0.000002 0.995981 0.000000 0.089567 -0.089567 0.000002 0.995981
10.228119 39.711811 -7.269577 0.607553 0.385638 0.089567 0.000000 -0.995981 0.995981 0.000000 0.089567 0.000000 -1.000000 0.000000
10.228119 39.711811 -7.269577 0.607553 0.385638 0.781019 0.000000 -0.624507 0.624507 0.000000 0.781019 0.000000 -1.000000 0.000000
10.228119 39.711811 -7.269577 0.607553 0.385638 0.000000 -1.000000 0.000002 0.995981 0.000000 0.089568 -0.089568 0.000002 0.995981
10.228119 39.711811 -7.269577 0.607553 0.385638 0.000000 -1.000000 -0.000001 0.624508 -0.000001 0.781018 -0.781018 -0.000001 0.624508
17.038658 39.711811 1.247795 0.722951 0.385638 0.781019 0.000000 -0.624507 0.624507 0.000000 0.781019 0.000000 -1.000000 0.000000
17.038658 39.711811 1.247795 0.722951 0.385638 0.975217 0.000000 0.221250 -0.221250 0.000000 0.975217 -0.000000 -1.000000 0.000000
17.038658 39.711811 1.247795 0.722951 0.385638 0.000000 -1.000000 -0.000001 0.624507 -0.000001 0.781019 -0.781019 -0.000001 0.624507
17.038658 39.711811 1.247795 0.722951 0.385638 0.000000 -1.000000 0.000001 -0.221250 0.000001 0.975217 -0.975217 -0.000000 -0.221250
14.625816 39.711811 11.883011 0.841233 0.385638 0.975217 0.000000 0.221250 -0.221250 0.000000 0.975217 -0.000000 -1.000000 0.000000
14.625816 39.711811 11.883011 0.841233 0.385638 0.435056 0.000000 0.900404 -0.900404 0.000000 0.435056 -0.000000 -1.000000 0.000000
14.625816 39.711811 11.883011 0.841233 0.385638 0.000000 -1.000000 0.000001 -0.221250 0.000001 0.975217 -0.975217 -0.000000 -0.221250
14.625816 39.711811 11.883011 0.841233 0.385638 0.000000 -1.000000 -0.000000 -0.900404 -0.000000 0.435056 -0.435056 0.000000 -0.900404
4.806511 41.560444 16.627487 0.004998 0.358314 -0.432707 0.000000 0.901535 -0.901534 0.000000 -0.432707 -0.000000 -1.000000 0.000000
4.806511 41.560444 16.627487 0.986634 0.358314 0.435056 0.000000 0.900404 -0.900404 0.000000 0.435056 -0.000000 -1.000000 0.000000
4.806511 41.560444 16.627487 0.986634 0.358314 -0.037969 0.698316 0.714782 -0.945398 -0.256811 0.200676 0.323700 -0.668134 0.669937
4.806511 41.560444 16.627487 0.004998 0.358314 -0.037969 0.698316 0.714782 -0.948568 0.199786 -0.245570 -0.314289 -0.687343 0.654814
-5.025146 41.560444 11.908615 0.173738 0.358314 -0.432707 0.000000 0.901535 -0.901534 0.000000 -0.432707 -0.000000 -1.000000 0.000000
-5.025146 41.560444 11.908615 0.173738 0.358314 -0.950271 0.000000 0.311425 -0.311425 0.000000 -0.950271 -0.000000 -1.000000 0.000000
-5.025146 41.560444 11.908615 0.173738 0.358314 -0.706803 0.408919 0.577248 -0.654061 -0.066880 -0.753479 -0.269506 -0.910117 0.314729
-8.876091 41.560444 0.157967 0.338855 0.358314 -0.950271 0.000000 0.311425 -0.311425 0.000000 -0.950271 -0.000000 -1.000000 0.000000
-8.876091 41.560444 0.157967 0.338855 0.358314 -0.782643 0.000000 -0.622470 0.622470 0.000000 -0.782643 -0.000000 -1.000000 -0.000000
-8.876091 41.560444 0.157967 0.338855 0.358314 -0.981793 0.067139 -0.177691 0.177246 -0.012584 -0.984086 -0.068307 -0.997664 0.000455
-2.087765 41.560444 -8.377129 0.468744 0.358314 -0.782643 0.000000 -0.622470 0.622470 0.000000 -0.782643 -0.000000 -1.000000 -0.000000
-2.087765 41.560444 -8.377129 0.468744 0.358314 0.089567 0.000000 -0.995981 0.995981 0.000000 0.089567 0.000000 -1.000000 0.000000
-2.087765 41.560444 -8.377129 0.468744 0.358314 -0.394096 0.067139 -0.916614 0.918698 0.000444 -0.394960 -0.026110 -0.997743 -0.061856
10.228119 41.560444 -7.269577 0.609361 0.358314 0.089567 0.000000 -0.995981 0.995981 0.000000 0.089567 0.000000 -1.000000 0.000000
10.228119 41.560444 -7.269577 0.609361 0.358314 0.781019 0.000000 -0.624507 0.624507 0.000000 0.781019 0.000000 -1.000000 0.000000
10.228119 41.560444 -7.269577 0.609361 0.358314 0.403364 0.408919 -0.818586 0.881352 0.066879 0.467702 0.245999 -0.910117 -0.333425
-5.156631 0.141142 -10.889252 0.308182 0.088701 -0.991893 0.115371 -0.053273 -0.040006 0.114402 0.992629 0.120615 0.986713 -0.108859
-5.156631 0.141142 -10.889252 0.427311 0.967126 -0.407812 -0.010790 -0.913002 0.913017 0.005601 -0.407884 0.009514 -0.999926 0.007567
17.038658 41.560444 1.247795 0.721592 0.358314 0.781019 0.000000 -0.624507 0.624507 0.000000 0.781019 0.000000 -1.000000 0.000000
17.038658 41.560444 1.247795 0.721592 0.358314 0.975217 0.000000 0.221250 -0.221250 0.000000 0.975217 -0.000000 -1.000000 0.000000
17.038658 41.560444 1.247795 0.721592 0.358314 0.687899 0.698316 -0.197864 0.170312 0.109699 0.979265 0.705541 -0.707334 -0.043470
14.625816 41.560444 11.883011 0.837493 0.358314 0.975217 0.000000 0.221250 -0.221250 0.000000 0.975217 -0.000000 -1.000000 0.000000
14.625816 41.560444 11.883011 0.837493 0.358314 0.435056 0.000000 0.900404 -0.900404 0.000000 0.435056 -0.000000 -1.000000 0.000000
14.625816 41.560444 11.883011 0.837493 0.358314 0.488507 0.781283 0.388532 -0.622471 0.000000 0.782643 0.611466 -0.624177 0.486326
-0.109901 51.059010 7.106155 0.801238 0.225455 -0.019182 0.623923 0.781250 -0.956649 -0.238576 0.167044 0.290610 -0.744178 0.601452
-0.109901 51.059010 7.106155 0.213778 0.225455 -0.019182 0.623923 0.781250 -0.957240 0.214137 -0.194517 -0.288658 -0.751575 0.593137
-5.564903 51.059010 4.433105 0.301949 0.225455 -0.665680 0.485038 0.567106 -0.636335 0.028017 -0.770904 -0.389806 -0.874044 0.289997
-7.840675 51.059010 -2.181717 0.390614 0.225455 -0.918038 0.363827 -0.157591 0.183392 0.037253 -0.982334 -0.351529 -0.930721 -0.100923
-4.134396 51.059010 -6.841698 0.461703 0.225455 -0.359518 0.358133 -0.861677 0.922768 -0.000839 -0.385356 -0.138732 -0.933670 -0.330172
2.822914 51.059010 -6.113045 0.551389 0.225455 0.405797 0.473847 -0.781536 0.893925 -0.027696 0.447360 0.190334 -0.880172 -0.434822
6.655098 51.059010 -1.399605 0.640276 0.225455 0.762649 0.616147 -0.196795 0.275189 -0.033747 0.960798 0.585352 -0.786908 -0.195294
5.320686 51.059010 4.482208 0.728983 0.225455 0.584255 0.665973 0.463817 -0.622111 0.000504 0.782929 0.521176 -0.745975 0.414604
0.239685 61.777561 0.194633 0.507673 0.059261 -0.378421 0.510309 0.772259 -0.897984 0.000000 -0.440028 -0.224550 -0.859991 0.458249
0.239685 61.777561 0.194633 0.507673 0.059261 -0.796189 0.539491 0.273921 -0.325326 -0.000000 -0.945602 -0.510144 -0.841991 0.175510
0.239685 61.777561 0.194633 0.507673 0.059261 -0.632729 0.588563 -0.503236 0.622470 0.000000 -0.782644 -0.460635 -0.808451 -0.366363
0.239685 61.777561 0.194633 0.507673 0.059261 0.088909 0.520999 -0.848915 0.994560 0.000000 0.104162 0.054268 -0.853558 -0.518164
0.239685 61.777561 0.194633 0.507673 0.059261 0.677496 0.487432 -0.550827 0.630842 0.000000 0.775911 0.378204 -0.873161 -0.307492
0.239685 61.777561 0.194633 0.507673 0.059261 0.666026 0.526921 0.527981 -0.621619 0.000829 0.783319 0.412310 -0.849914 0.328097
9.448055 0.141142 -10.728226 0.053340 0.088701 0.990324 0.137610 0.017964 0.039730 -0.157098 -0.986784 -0.132969 0.977949 -0.161045
9.448055 0.141142 -10.728226 0.586960 0.967126 0.472319 -0.010681 -0.881363 0.881366 -0.006041 0.472395 -0.010370 -0.999925 0.006560
9.127029 2.205667 -10.242470 0.586136 0.939333 0.059950 0.193132 -0.979340 0.998191 -0.007220 0.059681 0.004456 -0.981146 -0.193216
9.127029 2.205667 -10.242470 0.053340 0.129978 0.990324 0.137610 0.017964 0.034021 -0.115235 -0.992755 -0.134543 0.983760 -0.118802
9.127029 2.205667 -10.242470 0.097356 0.174745 0.002638 0.993433 -0.114389 -0.999704 -0.000146 -0.024322 -0.024179 0.114419 0.993138
9.127029 2.205667 -10.242470 0.586136 0.939333 0.813001 0.208644 -0.543596 0.556406 -0.003273 0.830904 0.171584 -0.977986 -0.118752
-4.933823 2.205667 -10.566734 0.427996 0.939333 -0.783641 0.214346 -0.583063 0.597761 0.004725 -0.801660 -0.169078 -0.976746 -0.131830
-4.933823 2.205667 -10.566734 0.427996 0.939333 0.059950 0.193132 -0.979340 0.998120 0.000942 0.061286 0.012759 -0.981172 -0.192713
-4.933823 2.205667 -10.566734 0.249686 0.175135 0.002638 0.993433 -0.114389 -0.999673 -0.000292 -0.025588 -0.025454 0.114419 0.993107
-4.933823 2.205667 -10.566734 0.308182 0.129978 -0.991893 0.115371 -0.053273 -0.040006 0.114402 0.992629 0.120615 0.986713 -0.108859
-11.527760 2.205667 -2.024963 0.306999 0.939333 -0.783641 0.214346 -0.583063 0.596470 -0.002637 -0.802631 -0.173578 -0.976754 -0.125784
-11.527760 2.205667 -2.024963 0.306999 0.939333 -0.955050 0.199471 0.219295 -0.223793 0.000000 -0.974637 -0.194412 -0.979904 0.044640
-9.113113 2.205667 8.491035 0.182816 0.939333 -0.479892 0.114649 0.869804 -0.875622 -0.000796 -0.482997 -0.054683 -0.993406 0.100771
-9.113113 2.205667 8.491035 0.182816 0.939333 -0.955050 0.199471 0.219295 -0.223793 0.000000 -0.974637 -0.194412 -0.979904 0.044640
4.019020 2.205667 15.867897 0.986634 0.939333 0.421435 0.248275 0.872211 -0.900403 0.000000 0.435057 0.108014 -0.968690 0.223547
4.019020 2.205667 15.867897 0.004998 0.939333 -0.479892 0.114649 0.869804 -0.875517 0.001072 -0.483186 -0.056329 -0.993405 0.099863
13.734085 2.205667 11.173775 0.856949 0.939333 0.944683 0.248275 0.214323 -0.221250 -0.000000 0.975217 0.242122 -0.968690 0.054931
13.734085 2.205667 11.173775 0.856949 0.939333 0.421435 0.248275 0.872211 -0.900403 0.000000 0.435057 0.108014 -0.968690 0.223547
16.121292 2.205667 0.651497 0.732303 0.939333 0.813001 0.208644 -0.543596 0.554988 0.004705 0.831845 0.176117 -0.977980 -0.111970
16.121292 2.205667 0.651497 0.732303 0.939333 0.944683 0.248275 0.214323 -0.221250 -0.000000 0.975217 0.242122 -0.968690 0.054931
-4.990532 -0.333840 -15.010513 0.249686 0.088701 -0.407812 -0.010790 -0.913002 -0.912977 0.018776 0.407578 0.012745 0.999766 -0.017508
-4.990532 -0.333840 -15.010513 0.249686 0.088701 -0.407812 -0.010790 -0.913002 -0.889376 0.230995 0.394528 0.206642 0.972895 -0.103799
9.614155 -0.698559 -14.849480 0.097356 0.088701 0.472319 -0.010681 -0.881363 -0.881074 0.022584 -0.472439 0.024951 0.999688 0.001256
9.614155 -0.698559 -14.849480 0.097356 0.088701 0.472319 -0.010681 -0.881363 -0.807510 -0.406074 -0.427821 -0.353329 0.913778 -0.200421
9.293129 1.730685 -14.363724 0.097356 0.129978 0.018915 0.177393 -0.983958 -0.999778 0.012470 -0.016971 0.009260 0.984061 0.177590
9.293129 1.730685 -14.363724 0.097356 0.129978 0.990324 0.137610 0.017964 0.039730 -0.157098 -0.986784 -0.132969 0.977949 -0.161045
9.293129 1.730685 -14.363724 0.097356 0.129978 0.002638 0.993433 -0.114389 -0.999734 -0.000000 -0.023056 -0.022905 0.114419 0.993169
16.631264 0.141142 0.795265 0.735431 0.967126 0.973741 -0.009312 -0.227469 0.227507 0.003168 0.973771 -0.008347 -0.999952 0.005203
16.631264 0.141142 0.795265 0.735431 0.967126 0.973741 -0.009312 -0.227469 0.227436 -0.004528 0.973783 -0.010098 -0.999946 -0.002291
-4.767719 1.730685 -14.687996 0.249686 0.129978 0.002638 0.993433 -0.114389 -0.999704 -0.000146 -0.024322 -0.024179 0.114419 0.993138
-4.767719 1.730685 -14.687996 0.249686 0.129978 -0.991893 0.115371 -0.053273 -0.040006 0.114402 0.992629 0.120615 0.986713 -0.108859
-4.767719 1.730685 -14.687996 0.249686 0.129978 0.018915 0.177393 -0.983958 -0.999813 -0.000670 -0.019341 -0.004090 0.984140 0.177347
14.193726 0.141142 11.539345 0.857779 0.967126 0.782615 -0.008549 0.622448 -0.622438 0.004117 0.782659 -0.009254 -0.999955 -0.002099
14.193726 0.141142 11.539345 0.857779 0.967126 0.782615 -0.008549 0.622448 -0.622493 -0.004117 0.782615 -0.004128 -0.999955 -0.008544
4.777313 39.711811 15.041466 0.004998 0.410298 -0.045356 0.048359 0.997800 -0.998712 0.020535 -0.046393 -0.022734 -0.998619 0.047365
4.777313 39.711811 15.041466 0.986634 0.410298 -0.045356 0.048359 0.997800 -0.998685 -0.026099 -0.044131 0.023907 -0.998489 0.049479
4.777313 39.711811 15.041466 0.004998 0.410298 0.000000 -1.000000 -0.000001 -0.901534 0.000000 -0.432707 0.432707 0.000001 -0.901534
4.777313 39.711811 15.041466 0.986634 0.410298 0.000000 -1.000000 -0.000000 -0.900403 -0.000000 0.435056 -0.435056 0.000000 -0.900403
-3.830452 39.711811 10.910011 0.164727 0.410298 -0.764559 0.062160 0.641549 -0.641217 0.027797 -0.766856 -0.065501 -0.997679 0.018605
-3.830452 39.711811 10.910011 0.164727 0.410298 -0.764559 0.062160 0.641549 -0.643877 -0.028079 -0.764613 -0.029514 -0.997671 0.061492
-3.830452 39.711811 10.910011 0.164727 0.410298 0.000000 -1.000000 -0.000001 -0.901534 0.000000 -0.432708 0.432708 0.000001 -0.901534
-3.830452 39.711811 10.910011 0.164727 0.410298 0.000000 -1.000000 -0.000000 -0.311427 0.000000 -0.950270 0.950270 0.000000 -0.311427
-7.202026 39.711811 0.622162 0.328851 0.410298 -0.992174 0.052084 -0.113485 0.115261 0.032449 -0.992805 -0.048027 -0.998115 -0.038198
-7.202026 39.711811 0.622162 0.328851 0.410298 -0.992174 0.052084 -0.113485 0.112369 -0.023884 -0.993379 -0.054450 -0.998357 0.017844
-7.202026 39.711811 0.622162 0.328851 0.410298 0.000000 -1.000000 -0.000000 -0.311426 0.000000 -0.950271 0.950271 0.000000 -0.311426
-7.202026 39.711811 0.622162 0.328851 0.410298 0.000000 -1.000000 0.000000 0.622470 -0.000000 -0.782644 0.782644 0.000000 0.622470
Indices
131
30 0 128
30 131 31
127 56 129
127 31 57
122 95 126
122 57 136
140 138 147
140 136 117
134 143 121
134 117 144
132 148 135
132 144 133
1 149 130
1 133 20
6 18 2
6 20 158
21 22 3
21 158 154
23 24 159
23 154 26
155 25 150
155 26 28
151 27 14
151 28 10
29 32 15
29 10 19
11 33 7
11 19 20
34 36 18
34 20 38
21 37 22
21 38 40
23 39 24
23 40 42
25 41 26
25 42 44
27 43 28
27 44 32
45 46 29
45 32 19
47 35 33
47 19 152
53 156 49
53 152 54
160 157 60
160 54 61
4 161 64
4 61 5
68 8 65
68 5 69
12 9 72
12 69 73
16 13 76
16 73 17
50 153 77
50 17 78
55 51 82
55 78 83
58 52 85
58 83 86
62 59 88
62 86 89
66 63 91
66 89 92
70 67 96
70 92 97
74 71 99
74 97 100
48 75 79
48 100 103
84 81 104
84 103 104
87 84 105
87 104 105
90 87 106
90 105 90
107 93 106
107 90 93
108 98 107
108 93 98
109 101 108
109 98 109
80 101 102
80 109 110
104 103 111
105 104 112
106 105 113
107 106 114
108 107 115
109 108 115
102 109 123
34 118 36
34 123 126
37 122 38
37 126 129
39 127 40
39 129 42
128 131 41
128 42 44
130 133 43
130 44 135
45 132 46
45 135 121
47 134 35
47 121 116
141 119 139
141 116 120
145 124 142
145 120 146
94 125 137
94 146