VertexCount: 24
TriangleCount: 12
Vertices
88.463959 -0.926625 115.213547 1.000000 0.766499 0.438567 0.000000 0.898699 0.898699 0.000000 -0.438567 0.000000 -1.000000 -0.000000
88.463959 -0.926625 115.213547 1.000000 0.766499 0.000000 -1.000000 -0.000000 -0.985931 -0.000000 0.167156 0.167156 -0.000000 0.985931
88.463959 -0.926625 115.213547 1.000000 0.766499 0.898698 0.000000 -0.438568 0.438568 -0.000002 0.898698 -0.000001 -1.000000 -0.000002
33.969143 -0.926625 141.807129 0.003527 0.766499 0.000000 -1.000000 -0.000000 -0.985931 -0.000000 0.167155 0.167155 -0.000000 0.985931
33.969143 -0.926625 141.807129 0.003527 0.766499 -0.898699 0.000000 0.438566 0.438566 -0.000004 0.898699 -0.000002 -1.000000 -0.000003
33.969143 -0.926625 141.807129 0.003527 0.766499 0.438567 0.000000 0.898699 0.898699 0.000000 -0.438567 0.000000 -1.000000 -0.000000
88.463959 40.932987 115.213547 1.000000 0.233501 0.898698 0.000000 -0.438568 0.438568 0.000000 0.898698 0.000000 -1.000000 0.000000
88.463959 40.932987 115.213547 1.000000 0.233501 0.438567 0.000000 0.898699 0.898699 0.000000 -0.438567 0.000000 -1.000000 -0.000000
88.463959 40.932987 115.213547 1.000000 0.233501 0.000000 1.000000 -0.000000 -0.782699 -0.000000 -0.622400 0.622400 -0.000000 -0.782699
33.969143 40.932987 141.807129 0.003527 0.233501 -0.898699 0.000000 0.438566 0.438566 -0.000002 0.898699 -0.000001 -1.000000 -0.000002
33.969143 40.932987 141.807129 0.003527 0.233501 0.438567 0.000000 0.898699 0.898699 -0.000000 -0.438567 -0.000000 -1.000000 0.000000
33.969143 40.932987 141.807129 0.003527 0.233501 0.000000 1.000000 -0.000000 -0.782697 -0.000000 -0.622402 0.622402 -0.000000 -0.782697
87.343643 40.932987 112.917831 0.996472 0.233501 0.898698 0.000000 -0.438568 0.438568 -0.000002 0.898698 -0.000001 -1.000000 -0.000002
87.343643 40.932987 112.917831 0.996472 0.233501 0.000000 1.000000 -0.000000 -0.782697 -0.000000 -0.622402 0.622402 -0.000000 -0.782697
87.343643 40.932987 112.917831 0.996472 0.233501 -0.438567 0.000000 -0.898699 0.898699 -0.000000 -0.438567 -0.000000 -1.000000 0.000000
32.848827 40.932987 139.511398 0.000000 0.233501 -0.898699 0.000000 0.438566 0.438566 -0.000000 0.898699 -0.000000 -1.000000 0.000000
32.848827 40.932987 139.511398 0.000000 0.233501 0.000000 1.000000 -0.000000 -0.782696 -0.000000 -0.622405 0.622405 -0.000000 -0.782696
32.848827 40.932987 139.511398 0.000000 0.233501 -0.438567 0.000000 -0.898699 0.898699 0.000000 -0.438567 0.000000 -1.000000 -0.000000
87.343643 -0.926625 112.917831 0.996472 0.766499 -0.438567 0.000000 -0.898699 0.898699 0.000000 -0.438567 0.000000 -1.000000 -0.000000
87.343643 -0.926625 112.917831 0.996472 0.766499 0.000000 -1.000000 -0.000000 -0.985930 -0.000000 0.167157 0.167157 -0.000000 0.985930
87.343643 -0.926625 112.917831 0.996472 0.766499 0.898698 0.000000 -0.438568 0.438568 -0.000004 0.898698 -0.000002 -1.000000 -0.000003
32.848827 -0.926625 139.511398 -0.000000 0.766499 -0.438567 0.000000 -0.898699 0.898699 0.000000 -0.438567 0.000000 -1.000000 -0.000000
32.848827 -0.926625 139.511398 -0.000000 0.766499 0.000000 -1.000000 -0.000000 -0.985931 -0.000000 0.167156 0.167156 -0.000000 0.985931
32.848827 -0.926625 139.511398 -0.000000 0.766499 -0.898699 0.000000 0.438566 0.438566 -0.000002 0.898699 -0.000001 -1.000000 -0.000002
Indices
7
5 0 10
5 7 13
11 8 16
11 13 18
17 14 21
17 18 1
22 19 3
22 1 9
23 4 15
23 9 12
2 20 6
2 12