VertexCount: 24
TriangleCount: 12
Vertices
33.375732 -1.658027 141.277328 0.019196 0.765161 -0.336079 -0.000000 0.941834 -0.941834 -0.000000 -0.336079 0.000000 -1.000000 -0.000000
33.375732 -1.658027 141.277328 0.019196 0.765161 0.000000 -1.000000 0.000000 -1.000000 -0.000000 -0.000000 0.000000 -0.000000 -1.000000
33.375732 -1.658027 141.277328 0.019196 0.765161 0.855645 0.000000 0.517563 -0.517563 0.000002 0.855645 -0.000001 -1.000000 0.000002
-38.222603 -1.658027 115.728539 1.000000 0.765161 0.000000 -1.000000 0.000000 -1.000000 -0.000000 -0.000000 0.000000 -0.000000 -1.000000
-38.222603 -1.658027 115.728539 1.000000 0.765161 -0.855647 0.000000 -0.517561 -0.517561 -0.000000 0.855647 -0.000000 -1.000000 0.000000
-38.222603 -1.658027 115.728539 1.000000 0.765161 -0.336079 -0.000000 0.941834 -0.941834 -0.000000 -0.336079 0.000000 -1.000000 0.000000
33.375729 41.096596 141.277328 0.019196 0.234839 0.855645 0.000000 0.517563 -0.517563 0.000004 0.855645 -0.000002 -1.000000 0.000003
33.375729 41.096596 141.277328 0.019196 0.234839 -0.336079 -0.000000 0.941834 -0.941834 -0.000000 -0.336079 0.000000 -1.000000 0.000000
33.375729 41.096596 141.277328 0.019196 0.234839 0.000000 1.000000 0.000001 -1.000000 0.000000 -0.000000 -0.000000 -0.000001 1.000000
-38.222603 41.096596 115.728539 1.000000 0.234839 -0.855647 0.000000 -0.517561 -0.517561 0.000001 0.855647 -0.000000 -1.000000 0.000001
-38.222603 41.096596 115.728539 1.000000 0.234839 -0.336079 -0.000000 0.941834 -0.941834 -0.000000 -0.336079 0.000000 -1.000000 0.000000
-38.222603 41.096596 115.728539 1.000000 0.234839 0.000000 1.000000 0.000001 -1.000000 0.000000 -0.000000 -0.000000 -0.000001 1.000000
34.777046 41.096596 138.960648 -0.000000 0.234839 0.855645 0.000000 0.517563 -0.517563 0.000002 0.855645 -0.000001 -1.000000 0.000002
34.777046 41.096596 138.960648 -0.000000 0.234839 0.000000 1.000000 0.000001 -1.000000 0.000000 -0.000000 -0.000000 -0.000001 1.000000
34.777046 41.096596 138.960648 -0.000000 0.234839 0.336079 0.000000 -0.941834 -0.941834 -0.000000 -0.336079 -0.000000 -1.000000 0.000000
-36.821297 41.096596 113.411858 0.980804 0.234839 -0.855647 0.000000 -0.517561 -0.517561 0.000002 0.855647 -0.000001 -1.000000 0.000002
-36.821297 41.096596 113.411858 0.980804 0.234839 0.000000 1.000000 0.000001 -1.000000 0.000000 -0.000000 -0.000000 -0.000001 1.000000
-36.821297 41.096596 113.411858 0.980804 0.234839 0.336079 0.000000 -0.941834 -0.941834 -0.000000 -0.336079 0.000000 -1.000000 0.000000
34.777046 -1.658027 138.960648 0.000000 0.765161 0.336079 0.000000 -0.941834 -0.941834 -0.000000 -0.336079 0.000000 -1.000000 0.000000
34.777046 -1.658027 138.960648 0.000000 0.765161 0.000000 -1.000000 0.000000 -1.000000 -0.000000 -0.000000 0.000000 -0.000000 -1.000000
34.777046 -1.658027 138.960648 0.000000 0.765161 0.855645 0.000000 0.517563 -0.517563 -0.000000 0.855645 0.000000 -1.000000 0.000000
-36.821297 -1.658027 113.411858 0.980804 0.765161 0.336079 0.000000 -0.941834 -0.941834 -0.000000 -0.336079 0.000000 -1.000000 0.000000
-36.821297 -1.658027 113.411858 0.980804 0.765161 0.000000 -1.000000 0.000000 -1.000000 -0.000000 -0.000000 0.000000 -0.000000 -1.000000
-36.821297 -1.658027 113.411858 0.980804 0.765161 -0.855647 0.000000 -0.517561 -0.517561 0.000001 0.855647 -0.000000 -1.000000 0.000001
Indices
7
5 0 10
5 7 8
16 11 13
16 8 18
17 14 21
17 18 1
22 19 3
22 1 9
23 4 15
23 9 12
2 20 6
2 12