VertexCount: 24
TriangleCount: 12
Vertices
55.029030 3.597260 18.622868 0.002331 0.763343 0.641079 0.000000 -0.767475 0.767475 0.000000 0.641079 0.000000 -1.000000 0.000000
55.029030 3.597260 18.622868 0.002331 0.763343 0.000000 -1.000000 0.000000 0.000000 0.000000 -0.000000 -0.000000 -0.000000 0.000000
55.029030 3.597260 18.622868 0.002331 0.763343 -0.767475 0.000000 -0.641079 0.641079 0.000001 -0.767475 0.000000 -1.000000 -0.000001
99.040825 3.597260 55.386311 1.000000 0.763343 0.000000 -1.000000 0.000000 0.000000 0.000000 -0.000000 -0.000000 -0.000000 0.000000
99.040825 3.597260 55.386311 1.000000 0.763343 0.767476 0.000000 0.641078 0.641078 0.000000 -0.767476 -0.000000 -1.000000 0.000000
99.040825 3.597260 55.386311 1.000000 0.763343 0.641079 0.000000 -0.767475 0.767475 -0.000000 0.641079 -0.000000 -1.000000 -0.000000
55.029030 33.829731 18.622868 0.002331 0.236657 -0.767475 0.000000 -0.641079 0.641079 0.000001 -0.767475 0.000001 -1.000000 -0.000001
55.029030 33.829731 18.622868 0.002331 0.236657 0.641079 0.000000 -0.767475 0.767475 -0.000000 0.641079 -0.000000 -1.000000 -0.000000
55.029030 33.829731 18.622868 0.002331 0.236657 0.000000 1.000000 -0.000000 0.868106 0.000000 0.496379 0.496379 -0.000000 -0.868106
99.040825 33.829731 55.386311 1.000000 0.236657 0.767476 0.000000 0.641078 0.641078 0.000000 -0.767476 -0.000000 -1.000000 0.000000
99.040825 33.829731 55.386311 1.000000 0.236657 0.641079 0.000000 -0.767475 0.767475 -0.000000 0.641079 -0.000000 -1.000000 -0.000000
99.040825 33.829731 55.386311 1.000000 0.236657 0.000000 1.000000 -0.000000 0.868106 0.000000 0.496379 -0.496379 0.000000 0.868106
53.391399 33.829731 20.583376 0.000000 0.236657 -0.767475 0.000000 -0.641079 0.641079 0.000001 -0.767475 0.000000 -1.000000 -0.000001
53.391399 33.829731 20.583376 0.000000 0.236657 0.000000 1.000000 -0.000000 0.868106 0.000000 0.496379 -0.496379 0.000000 0.868106
53.391399 33.829731 20.583376 0.000000 0.236657 -0.641079 0.000000 0.767475 0.767475 0.000000 0.641079 -0.000000 -1.000000 0.000000
97.403198 33.829731 57.346821 0.997669 0.236657 0.767476 0.000000 0.641078 0.641078 0.000000 -0.767476 -0.000000 -1.000000 0.000000
97.403198 33.829731 57.346821 0.997669 0.236657 0.000000 1.000000 -0.000000 0.000000 0.000000 -0.000000 -0.000000 -0.000000 0.000000
97.403198 33.829731 57.346821 0.997669 0.236657 -0.641079 0.000000 0.767475 0.767475 0.000000 0.641079 -0.000000 -1.000000 0.000000
53.391399 3.597260 20.583376 0.000000 0.763343 -0.641079 0.000000 0.767475 0.767475 0.000000 0.641079 -0.000000 -1.000000 0.000000
53.391399 3.597260 20.583376 0.000000 0.763343 0.000000 -1.000000 0.000000 0.000000 0.000000 -0.000000 -0.000000 -0.000000 0.000000
53.391399 3.597260 20.583376 0.000000 0.763343 -0.767475 0.000000 -0.641079 0.641079 0.000000 -0.767475 -0.000000 -1.000000 -0.000000
97.403198 3.597260 57.346821 0.997669 0.763343 -0.641079 0.000000 0.767475 0.767475 0.000000 0.641079 -0.000000 -1.000000 0.000000
97.403198 3.597260 57.346821 0.997669 0.763343 0.000000 -1.000000 0.000000 0.000000 0.000000 -0.000000 -0.000000 -0.000000 0.000000
97.403198 3.597260 57.346821 0.997669 0.763343 0.767476 0.000000 0.641078 0.641078 0.000000 -0.767476 -0.000000 -1.000000 0.000000
Indices
7
5 0 10
5 7 13
11 8 16
11 13 18
17 14 21
17 18 1
22 19 3
22 1 9
23 4 15
23 9 12
2 20 6
2 12