VertexCount: 24
TriangleCount: 12
Vertices
99.653549 3.915031 56.133003 1.000000 0.765368 0.985050 0.000000 0.172270 0.172270 0.000000 -0.985050 0.000000 -1.000000 -0.000000
99.653549 3.915031 56.133003 1.000000 0.765368 0.000000 -1.000000 0.000000 -0.000617 -0.000000 -1.000000 1.000000 -0.000000 -0.000617
99.653549 3.915031 56.133003 1.000000 0.765368 0.172268 0.000000 -0.985050 0.985050 0.000000 0.172268 0.000000 -1.000000 0.000000
89.207535 3.915031 115.863937 0.000888 0.765367 0.000000 -1.000000 0.000000 0.013436 -0.000000 -0.999910 0.999910 0.000000 0.013436
89.207535 3.915031 115.863937 0.000888 0.765367 -0.172273 0.000000 0.985049 0.985049 0.000001 0.172273 0.000001 -1.000000 0.000000
89.207535 3.915031 115.863937 0.000888 0.765367 0.985050 0.000000 0.172270 0.172270 0.000000 -0.985050 0.000000 -1.000000 -0.000000
99.653549 33.841885 56.133003 1.000000 0.234632 0.172268 0.000000 -0.985050 0.985050 0.000000 0.172268 0.000000 -1.000000 0.000000
99.653549 33.841885 56.133003 1.000000 0.234632 0.985050 0.000000 0.172270 0.172270 0.000000 -0.985050 0.000000 -1.000000 -0.000000
99.653549 33.841885 56.133003 1.000000 0.234632 0.000000 1.000000 0.000000 -0.747379 0.000000 -0.664398 0.664398 0.000000 -0.747379
89.207535 33.841885 115.863937 0.000888 0.234633 -0.172273 0.000000 0.985049 0.985049 0.000001 0.172273 0.000001 -1.000000 0.000000
89.207535 33.841885 115.863937 0.000888 0.234633 0.985050 0.000000 0.172270 0.172270 -0.000000 -0.985050 -0.000000 -1.000000 0.000000
89.207535 33.841885 115.863937 0.000888 0.234633 0.000000 1.000000 0.000000 -0.747370 0.000000 -0.664409 0.664409 0.000000 -0.747370
97.137245 33.841885 55.692944 0.999111 0.234632 0.172268 0.000000 -0.985050 0.985050 0.000000 0.172268 0.000000 -1.000000 0.000000
97.137245 33.841885 55.692944 0.999111 0.234632 0.000000 1.000000 0.000000 -0.747370 0.000000 -0.664409 0.664409 0.000000 -0.747370
97.137245 33.841885 55.692944 0.999111 0.234632 -0.985050 0.000000 -0.172270 0.172270 -0.000000 -0.985050 -0.000000 -1.000000 0.000000
86.691231 33.841885 115.423866 0.000000 0.234633 -0.172273 0.000000 0.985049 0.985049 -0.000000 0.172273 -0.000000 -1.000000 0.000000
86.691231 33.841885 115.423866 0.000000 0.234633 0.000000 1.000000 0.000000 -0.747360 0.000000 -0.664419 0.664419 0.000000 -0.747360
86.691231 33.841885 115.423866 0.000000 0.234633 -0.985050 0.000000 -0.172270 0.172270 0.000000 -0.985050 0.000000 -1.000000 -0.000000
97.137245 3.915031 55.692944 0.999111 0.765367 -0.985050 0.000000 -0.172270 0.172270 0.000000 -0.985050 0.000000 -1.000000 -0.000000
97.137245 3.915031 55.692944 0.999111 0.765367 0.000000 -1.000000 0.000000 -0.014670 -0.000000 -0.999892 0.999892 -0.000000 -0.014670
97.137245 3.915031 55.692944 0.999111 0.765367 0.172268 0.000000 -0.985050 0.985050 0.000001 0.172268 0.000001 -1.000000 0.000000
86.691231 3.915031 115.423866 -0.000000 0.765367 -0.985050 0.000000 -0.172270 0.172270 0.000000 -0.985050 0.000000 -1.000000 -0.000000
86.691231 3.915031 115.423866 -0.000000 0.765367 0.000000 -1.000000 0.000000 -0.000617 -0.000000 -1.000000 1.000000 -0.000000 -0.000617
86.691231 3.915031 115.423866 -0.000000 0.765367 -0.172273 0.000000 0.985049 0.985049 0.000001 0.172273 0.000001 -1.000000 0.000000
Indices
7
5 0 10
5 7 13
11 8 16
11 13 18
17 14 21
17 18 1
22 19 3
22 1 9
23 4 15
23 9 12
2 20 6
2 12