VertexCount: 190
TriangleCount: 324
Vertices
-102.520248 2.782407 -153.252487 1.391400 0.419738 -0.009807 0.999952 -0.000000 -0.707090 -0.006935 -0.707089 -0.707055 -0.006935 0.707124
-102.520248 -5.457577 103.035782 0.651682 1.159457 0.002452 0.999994 0.002452 -0.707102 0.003467 -0.707103 -0.707107 0.000000 0.707107
-76.891426 -5.457577 103.035782 0.577710 1.085485 0.001226 0.999992 0.003678 -0.707103 0.003467 -0.707102 -0.707110 -0.001734 0.707102
-51.262600 -5.457577 103.035782 0.503738 1.011513 0.057680 0.998323 0.004866 -0.706574 0.044266 -0.706253 -0.705284 0.037298 0.707943
-25.633770 -11.418673 103.035782 0.429766 0.937541 0.085927 0.995791 0.031894 -0.705336 0.083410 -0.703949 -0.703646 0.037992 0.709534
-0.004943 -11.418673 103.035782 0.355794 0.863569 0.027841 0.995837 0.086800 -0.704284 0.081163 -0.705263 -0.709372 -0.041496 0.703612
25.623886 -11.418673 103.035782 0.281822 0.789597 0.042128 0.994192 0.099034 -0.704128 0.099866 -0.703016 -0.708823 -0.040116 0.704245
51.252712 -11.418673 103.035782 0.207851 0.715625 0.045692 0.996689 0.067263 -0.705271 0.079871 -0.704424 -0.707464 -0.015252 0.706585
76.881538 -11.670032 103.035782 0.133879 0.641654 0.004897 0.998714 0.050463 -0.706603 0.039165 -0.706526 -0.707593 -0.032197 0.705886
102.510376 -11.670032 103.035782 0.059907 0.567682 0.001221 0.998663 0.051675 -0.706611 0.037427 -0.706612 -0.707602 -0.035651 0.705712
128.139206 -11.670032 103.035782 -0.014065 0.493710 0.000000 0.998601 0.052886 -0.706280 0.037440 -0.706942 -0.707933 -0.037352 0.705291
-102.520248 2.782407 -127.623657 1.317429 0.493710 -0.028577 0.999415 0.018775 -0.707090 -0.006935 -0.707090 -0.706546 -0.033482 0.706875
-102.520248 -5.457577 128.664612 0.577710 1.233428 0.004904 0.999976 0.004904 -0.707090 0.006935 -0.707090 -0.707107 -0.000000 0.707107
-76.891426 -5.708935 128.664612 0.503738 1.159457 0.002452 0.999985 0.004904 -0.707095 0.005201 -0.707099 -0.707114 -0.001734 0.707097
-51.262600 -5.708935 128.664612 0.429766 1.085485 0.028787 0.999300 -0.023902 -0.707085 0.003456 -0.707121 -0.706543 0.037257 0.706689
-25.633770 -5.708935 128.664612 0.355794 1.011513 0.112251 0.992273 -0.052857 -0.705341 0.042098 -0.707617 -0.699924 0.116713 0.704616
-0.004943 -11.418673 128.664612 0.281823 0.937541 0.083473 0.996221 -0.023995 -0.706773 0.042211 -0.706180 -0.702499 0.075906 0.707625
25.623886 -11.418673 128.664612 0.207851 0.863569 0.039691 0.999047 0.018151 -0.706515 0.040906 -0.706515 -0.706585 0.015219 0.707465
51.252712 -14.140931 128.664612 0.133879 0.789597 0.040931 0.998219 0.043400 -0.705826 0.059631 -0.705871 -0.707202 -0.001741 0.707009
76.881538 -14.140931 128.664612 0.059907 0.715626 0.003669 0.998527 0.054136 -0.706514 0.040901 -0.706516 -0.707689 -0.035655 0.705624
102.510376 -14.392289 128.664612 -0.014065 0.641654 0.002449 0.998597 0.052899 -0.706520 0.039164 -0.706609 -0.707689 -0.035644 0.705624
128.139206 -14.392289 128.664612 -0.088037 0.567682 0.000000 0.998601 0.052886 -0.706940 0.037405 -0.706283 -0.707273 -0.037387 0.705951
-76.891426 3.033765 -127.623657 1.243457 0.419738 -0.014288 0.999854 0.009387 -0.707095 -0.003466 -0.707111 -0.706975 -0.016741 0.707041
-102.520248 -5.708935 154.293442 0.503738 1.307400 0.002452 0.999994 0.002452 -0.707102 0.003467 -0.707103 -0.707107 -0.000000 0.707107
-76.891426 -5.708935 154.293442 0.429766 1.233428 0.001226 0.999999 0.001226 -0.707105 0.001734 -0.707106 -0.707107 -0.000000 0.707106
-51.262600 -5.708935 154.293442 0.355794 1.159456 0.000000 1.000000 -0.000000 -0.707107 0.000000 -0.707107 -0.707107 0.000000 0.707107
-25.633770 -5.708935 154.293442 0.281822 1.085485 0.112859 0.993610 0.001203 -0.704817 0.080910 -0.704760 -0.700354 0.078691 0.709445
-0.004943 -11.670032 154.293442 0.207851 1.011513 0.112860 0.993604 0.003671 -0.704808 0.082659 -0.704566 -0.700363 0.076930 0.709629
25.623886 -11.670032 154.293442 0.133879 0.937541 0.052886 0.998589 0.004897 -0.706517 0.040882 -0.706514 -0.705718 0.033905 0.707682
51.252712 -14.392289 154.293442 0.059907 0.863569 0.052886 0.998589 0.004897 -0.706517 0.040882 -0.706514 -0.705718 0.033905 0.707682
76.881538 -14.392289 154.293442 -0.014065 0.789597 0.001226 0.999992 0.003678 -0.707102 0.003467 -0.707103 -0.707110 -0.001734 0.707101
102.510376 -14.392289 154.293442 -0.088037 0.715626 0.001226 0.999999 0.001226 -0.707106 0.001734 -0.707106 -0.707107 0.000000 0.707107
128.139206 -14.392289 154.293442 -0.162009 0.641654 0.000000 1.000000 -0.000000 -0.707107 0.000000 -0.707107 -0.707107 0.000000 0.707107
-51.262600 3.033765 -127.623657 1.169485 0.345766 0.001226 0.999999 -0.001226 -0.707106 -0.000000 -0.707107 -0.707106 0.001734 0.707105
-102.520248 -5.708935 179.922272 0.429766 1.381372 0.000000 1.000000 -0.000000 -0.707107 0.000000 -0.707107 -0.707107 0.000000 0.707107
-76.891426 -5.708935 179.922272 0.355794 1.307400 0.000000 1.000000 -0.000000 -0.707107 0.000000 -0.707106 -0.707106 0.000000 0.707107
-51.262600 -5.708935 179.922272 0.281823 1.233428 0.000000 1.000000 -0.000000 -0.707107 0.000000 -0.707107 -0.707107 0.000000 0.707107
-25.633770 -5.708935 179.922272 0.207851 1.159456 0.114017 0.993479 -0.000000 -0.704820 0.080889 -0.704759 -0.700163 0.080354 0.709447
-0.004943 -11.670032 179.922272 0.133879 1.085485 0.114017 0.993479 -0.000000 -0.704820 0.080889 -0.704759 -0.700163 0.080354 0.709447
25.623886 -11.670032 179.922272 0.059907 1.011513 0.052886 0.998600 -0.000000 -0.706613 0.037422 -0.706610 -0.705621 0.037370 0.707603
51.252712 -14.392289 179.922272 -0.014065 0.937541 0.052886 0.998601 -0.000000 -0.706613 0.037422 -0.706610 -0.705621 0.037370 0.707603
76.881538 -14.392289 179.922272 -0.088037 0.863569 0.000000 1.000000 -0.000000 -0.707107 0.000000 -0.707106 -0.707106 0.000000 0.707107
102.510376 -14.392289 179.922272 -0.162008 0.789597 0.000000 1.000000 -0.000000 -0.707108 0.000000 -0.707106 -0.707106 0.000000 0.707108
128.139206 -14.392289 179.922272 -0.235980 0.715626 0.000000 1.000000 -0.000000 -0.707107 0.000000 -0.707106 -0.707106 0.000000 0.707107
-25.633770 3.033765 -127.623657 1.095513 0.271794 0.042342 0.999100 -0.002450 -0.706787 0.028220 -0.706864 -0.706158 0.031661 0.707346
-102.520248 -5.708935 205.551086 0.355794 1.455344 0.000000 1.000000 -0.000000 -0.707107 0.000000 -0.707106 -0.707106 0.000000 0.707107
-76.891426 -5.708935 205.551086 0.281822 1.381372 0.000000 1.000000 -0.000000 -0.707107 0.000000 -0.707107 -0.707107 0.000000 0.707107
-51.262600 -5.708935 205.551086 0.207851 1.307400 0.000000 1.000000 -0.000000 -0.707107 0.000000 -0.707107 -0.707107 0.000000 0.707107
-25.633770 -5.708935 205.551086 0.133879 1.233428 0.114017 0.993479 -0.000000 -0.704820 0.080889 -0.704759 -0.700164 0.080354 0.709446
-0.004943 -11.670032 205.551086 0.059907 1.159457 0.114017 0.993479 -0.000000 -0.704820 0.080889 -0.704759 -0.700164 0.080354 0.709446
25.623886 -11.670032 205.551086 -0.014065 1.085485 0.052886 0.998600 -0.000000 -0.706613 0.037422 -0.706610 -0.705621 0.037370 0.707603
51.252712 -14.392289 205.551086 -0.088037 1.011513 0.052886 0.998601 -0.000000 -0.706613 0.037422 -0.706610 -0.705621 0.037370 0.707603
76.881538 -14.392289 205.551086 -0.162009 0.937541 0.000000 1.000000 -0.000000 -0.707107 0.000000 -0.707107 -0.707107 0.000000 0.707107
102.510376 -14.392289 205.551086 -0.235980 0.863569 0.000000 1.000000 -0.000000 -0.707107 0.000000 -0.707106 -0.707106 0.000000 0.707107
128.139206 -14.392289 205.551086 -0.309952 0.789598 0.000000 1.000000 -0.000000 -0.707107 0.000000 -0.707107 -0.707107 0.000000 0.707107
-0.004943 0.857987 -127.623657 1.021541 0.197823 0.041117 0.999154 -0.001223 -0.706863 0.028223 -0.706787 -0.706154 0.029925 0.707425
-102.520248 -5.708935 231.179916 0.281823 1.529316 0.000000 1.000000 -0.000000 -0.707106 0.000000 -0.707108 -0.707108 0.000000 0.707106
-76.891426 -5.708935 231.179916 0.207851 1.455344 0.000000 1.000000 -0.000000 -0.707106 0.000000 -0.707108 -0.707108 0.000000 0.707106
-51.262600 -5.708935 231.179916 0.133879 1.381372 0.000000 1.000000 -0.000000 -0.707106 0.000000 -0.707107 -0.707107 0.000000 0.707106
-25.633770 -5.708935 231.179916 0.059907 1.307400 0.085817 0.995893 -0.028854 -0.706887 0.040453 -0.706168 -0.702101 0.080998 0.707456
-0.004943 -11.670032 231.179916 -0.014065 1.233428 0.114576 0.991740 -0.057660 -0.705392 0.040350 -0.707668 -0.699496 0.121755 0.704188
25.623886 -11.670032 231.179916 -0.088037 1.159456 0.081694 0.996243 -0.028757 -0.707015 0.037592 -0.706199 -0.702464 0.078024 0.707430
51.252712 -14.392289 231.179916 -0.162009 1.085485 0.052886 0.998601 -0.000000 -0.706612 0.037422 -0.706611 -0.705622 0.037370 0.707602
76.881538 -14.392289 231.179916 -0.235981 1.011513 0.000000 1.000000 -0.000000 -0.707107 0.000000 -0.707107 -0.707107 0.000000 0.707107
102.510376 -14.392289 231.179916 -0.309952 0.937541 0.000000 1.000000 -0.000000 -0.707106 0.000000 -0.707107 -0.707107 0.000000 0.707106
128.139206 -14.392289 231.179916 -0.383924 0.863569 0.000000 1.000000 -0.000000 -0.707106 0.000000 -0.707108 -0.707108 0.000000 0.707106
25.623886 0.857987 -127.623657 0.947569 0.123851 0.000000 1.000000 -0.000000 -0.707107 0.000000 -0.707107 -0.707107 0.000000 0.707107
-102.520248 -5.708935 256.808777 0.207851 1.603288 0.000000 1.000000 -0.000000 -0.707105 0.000000 -0.707108 -0.707108 0.000000 0.707105
-76.891426 -5.708935 256.808777 0.133879 1.529316 0.000000 1.000000 -0.000000 -0.707107 0.000000 -0.707107 -0.707107 0.000000 0.707107
-51.262600 -5.708935 256.808777 0.059907 1.455344 0.000000 1.000000 -0.000000 -0.707107 0.000000 -0.707107 -0.707107 0.000000 0.707107
-25.633770 -5.708935 256.808777 -0.014065 1.381372 0.028760 0.999173 -0.028760 -0.707107 0.000000 -0.707107 -0.706522 0.040673 0.706521
-0.004943 -5.708935 256.808777 -0.088037 1.307400 0.114576 0.991740 -0.057660 -0.705393 0.040350 -0.707667 -0.699495 0.121755 0.704189
25.623886 -11.670032 256.808777 -0.162009 1.233428 0.138495 0.989945 -0.028763 -0.704985 0.078148 -0.704904 -0.695568 0.117903 0.708720
51.252712 -14.392289 256.808777 -0.235980 1.159456 0.052886 0.998600 -0.000000 -0.706613 0.037422 -0.706610 -0.705621 0.037370 0.707603
76.881538 -14.392289 256.808777 -0.309952 1.085485 0.000000 1.000000 -0.000000 -0.707107 0.000000 -0.707107 -0.707107 0.000000 0.707107
102.510376 -14.392289 256.808777 -0.383924 1.011513 0.000000 1.000000 -0.000000 -0.707106 0.000000 -0.707107 -0.707107 0.000000 0.707106
128.139206 -14.392289 256.808777 -0.457896 0.937541 0.000000 1.000000 -0.000000 -0.707107 0.000000 -0.707107 -0.707107 0.000000 0.707107
51.252712 0.857987 -127.623657 0.873597 0.049879 0.000000 1.000000 -0.000000 -0.707107 0.000000 -0.707107 -0.707107 0.000000 0.707107
-102.520248 -5.708935 282.437592 0.133879 1.677259 0.000000 1.000000 -0.000000 -0.707107 0.000000 -0.707106 -0.707106 0.000000 0.707107
-76.891426 -5.708935 282.437592 0.059907 1.603288 0.000000 1.000000 -0.000000 -0.707108 0.000000 -0.707106 -0.707106 0.000000 0.707108
-51.262600 -5.708935 282.437592 -0.014065 1.529316 0.000000 1.000000 -0.000000 -0.707107 0.000000 -0.707107 -0.707107 0.000000 0.707107
-25.633770 -5.708935 282.437592 -0.088037 1.455344 0.000000 1.000000 -0.000000 -0.707107 0.000000 -0.707106 -0.707106 0.000000 0.707107
-0.004943 -5.708935 282.437592 -0.162008 1.381372 0.114017 0.993479 -0.000000 -0.704820 0.080889 -0.704759 -0.700163 0.080354 0.709447
25.623886 -11.670032 282.437592 -0.235980 1.307400 0.166398 0.986059 -0.000000 -0.702144 0.118487 -0.702107 -0.692319 0.116829 0.712072
51.252712 -14.392289 282.437592 -0.309952 1.233428 0.052886 0.998601 -0.000000 -0.706613 0.037422 -0.706609 -0.705621 0.037370 0.707604
76.881538 -14.392289 282.437592 -0.383924 1.159456 0.000000 1.000000 -0.000000 -0.707107 0.000000 -0.707107 -0.707107 0.000000 0.707107
102.510376 -14.392289 282.437592 -0.457896 1.085485 0.000000 1.000000 -0.000000 -0.707107 0.000000 -0.707106 -0.707106 0.000000 0.707107
128.139206 -14.392289 282.437592 -0.531868 1.011513 0.000000 1.000000 -0.000000 -0.707107 0.000000 -0.707106 -0.707106 0.000000 0.707107
76.881538 0.857987 -127.623657 0.799625 -0.024093 0.000000 1.000000 -0.000000 -0.707107 0.000000 -0.707106 -0.707106 0.000000 0.707107
-102.520248 -5.708935 308.066406 0.059907 1.751231 0.000000 1.000000 -0.000000 -0.707107 0.000000 -0.707106 -0.707106 0.000000 0.707107
-76.891426 -5.708935 308.066406 -0.014065 1.677259 0.000000 1.000000 -0.000000 -0.707107 0.000000 -0.707107 -0.707107 0.000000 0.707107
-51.262600 -5.708935 308.066406 -0.088037 1.603288 0.000000 1.000000 -0.000000 -0.707106 0.000000 -0.707107 -0.707107 0.000000 0.707106
-25.633770 -5.708935 308.066406 -0.162008 1.529316 0.000000 1.000000 -0.000000 -0.707107 0.000000 -0.707107 -0.707107 0.000000 0.707107
-0.004943 -5.708935 308.066406 -0.235980 1.455344 0.114016 0.993479 -0.000000 -0.706355 0.081065 -0.703201 -0.698615 0.080177 0.710991
25.623886 -11.670032 308.066406 -0.309952 1.381372 0.166398 0.986059 -0.000000 -0.700947 0.118285 -0.703336 -0.693530 0.117034 0.710858
51.252712 -14.392289 308.066406 -0.383924 1.307400 0.052886 0.998601 -0.000000 -0.706283 0.037405 -0.706941 -0.705952 0.037387 0.707272
76.881538 -14.392289 308.066406 -0.457896 1.233428 0.000000 1.000000 -0.000000 -0.707107 0.000000 -0.707107 -0.707107 0.000000 0.707107
102.510376 -14.392289 308.066406 -0.531868 1.159457 0.000000 1.000000 -0.000000 -0.707108 0.000000 -0.707106 -0.707106 0.000000 0.707108
128.139206 -14.392289 308.066406 -0.605840 1.085485 0.000000 1.000000 -0.000000 -0.707107 0.000000 -0.707106 -0.707106 0.000000 0.707107
102.510376 0.857987 -127.623657 0.725654 -0.098065 0.000000 1.000000 -0.000000 -0.707108 0.000000 -0.707106 -0.707106 0.000000 0.707108
128.139206 0.857987 -127.623657 0.651682 -0.172037 0.000000 1.000000 -0.000000 -0.707107 0.000000 -0.707107 -0.707107 0.000000 0.707107
-76.891426 3.033765 -153.252487 1.317429 0.345766 -0.004904 0.999988 -0.000000 -0.707105 -0.003467 -0.707100 -0.707092 -0.003467 0.707114
-102.520248 0.854852 -101.994843 1.243457 0.567682 -0.044880 0.998192 0.039985 -0.707054 -0.003463 -0.707151 -0.705734 -0.060008 0.705931
-76.891426 3.033765 -101.994843 1.169485 0.493710 -0.033059 0.998985 0.030611 -0.707114 -0.001733 -0.707098 -0.706327 -0.045021 0.706453
-51.262600 3.033765 -101.994843 1.095513 0.419738 -0.010612 0.999887 0.010612 -0.707107 0.000000 -0.707107 -0.707027 -0.015007 0.707027
-25.633770 3.033765 -101.994843 1.021541 0.345766 0.041117 0.999154 -0.001223 -0.706863 0.028223 -0.706787 -0.706154 0.029925 0.707425
-0.004943 0.857987 -101.994843 0.947569 0.271794 0.042342 0.999100 -0.002450 -0.706787 0.028220 -0.706863 -0.706158 0.031661 0.707346
25.623886 0.857987 -101.994843 0.873597 0.197823 0.001226 0.999999 -0.001226 -0.707108 0.000000 -0.707106 -0.707105 0.001734 0.707107
51.252712 0.857987 -101.994843 0.799625 0.123851 0.000000 1.000000 -0.000000 -0.707107 0.000000 -0.707106 -0.707106 0.000000 0.707107
76.881538 0.857987 -101.994843 0.725653 0.049879 0.000000 1.000000 -0.000000 -0.707107 0.000000 -0.707106 -0.707106 0.000000 0.707107
102.510376 0.857987 -101.994843 0.651682 -0.024093 0.000000 1.000000 -0.000000 -0.707107 0.000000 -0.707106 -0.707106 0.000000 0.707107
128.139206 0.857987 -101.994843 0.577710 -0.098065 0.000000 1.000000 -0.000000 -0.707107 0.000000 -0.707107 -0.707107 0.000000 0.707107
-51.262600 3.033765 -153.252487 1.243457 0.271794 0.002452 0.999994 -0.002452 -0.707112 0.000000 -0.707101 -0.707097 0.003467 0.707108
-102.520248 0.854852 -76.366013 1.169485 0.641654 -0.021226 0.999549 0.021226 -0.707106 0.000000 -0.707107 -0.706789 -0.030018 0.706788
-76.891426 0.854852 -76.366013 1.095513 0.567682 -0.031835 0.998986 0.031835 -0.707107 0.000000 -0.707107 -0.706390 -0.045022 0.706390
-51.262600 3.033765 -76.366013 1.021541 0.493710 -0.021231 0.998874 0.042423 -0.707186 0.014990 -0.706869 -0.706709 -0.045008 0.706071
-25.633770 3.033765 -76.366013 0.947569 0.419738 0.028101 0.999136 0.030605 -0.706479 0.041511 -0.706516 -0.707176 -0.001768 0.707035
-0.004943 1.109346 -76.366013 0.873597 0.345766 0.031765 0.999462 0.008169 -0.706804 0.028241 -0.706845 -0.706696 0.016679 0.707321
25.623886 0.857987 -76.366013 0.799625 0.271795 0.003678 0.999992 -0.001226 -0.707110 0.001734 -0.707101 -0.707094 0.003467 0.707111
51.252712 0.857987 -76.366013 0.725653 0.197823 0.000000 1.000000 -0.000000 -0.707106 0.000000 -0.707107 -0.707107 0.000000 0.707106
76.881538 0.857987 -76.366013 0.651682 0.123851 0.000000 1.000000 -0.000000 -0.707107 0.000000 -0.707107 -0.707107 0.000000 0.707107
102.510376 0.857987 -76.366013 0.577710 0.049879 0.000000 1.000000 -0.000000 -0.707107 0.000000 -0.707107 -0.707107 0.000000 0.707107
128.139206 0.857987 -76.366013 0.503738 -0.024093 0.000000 1.000000 -0.000000 -0.707107 0.000000 -0.707107 -0.707107 0.000000 0.707107
-25.633770 2.782407 -153.252487 1.169485 0.197823 0.042350 0.999091 -0.004899 -0.706595 0.026484 -0.707123 -0.706350 0.033408 0.707074
-102.520248 0.854852 -50.737183 1.095513 0.715626 0.000000 0.999298 0.037465 -0.707024 0.026495 -0.706694 -0.707190 -0.026489 0.706527
-76.891426 0.854852 -50.737183 1.021541 0.641654 -0.010615 0.998787 0.048078 -0.706702 0.026522 -0.707014 -0.707431 -0.041481 0.705564
-51.262600 0.854852 -50.737183 0.947569 0.567682 -0.010611 0.997543 0.069245 -0.706563 0.041522 -0.706431 -0.707571 -0.056422 0.704386
-25.633770 0.854852 -50.737183 0.873597 0.493710 0.006898 0.997490 0.070476 -0.706103 0.054763 -0.705988 -0.708076 -0.044894 0.704708
-0.004943 1.109346 -50.737183 0.799625 0.419738 0.001185 0.999150 0.041201 -0.707027 0.029974 -0.706552 -0.707186 -0.028293 0.706461
25.623886 0.857987 -50.737183 0.725653 0.345766 -0.005714 0.999927 0.010615 -0.707108 0.003466 -0.707097 -0.707083 -0.011546 0.707036
51.252712 0.857987 -50.737183 0.651682 0.271794 0.000000 1.000000 -0.000000 -0.707106 0.000000 -0.707107 -0.707107 0.000000 0.707106
76.881538 0.857987 -50.737183 0.577710 0.197823 0.000000 1.000000 -0.000000 -0.707107 0.000000 -0.707107 -0.707107 0.000000 0.707107
102.510376 0.857987 -50.737183 0.503738 0.123851 0.000000 1.000000 -0.000000 -0.707107 0.000000 -0.707107 -0.707107 0.000000 0.707107
128.139206 0.857987 -50.737183 0.429766 0.049879 0.000000 1.000000 -0.000000 -0.707107 0.000000 -0.707107 -0.707107 0.000000 0.707107
-0.004943 0.857987 -153.252487 1.095513 0.123851 0.039900 0.999201 -0.002446 -0.707046 0.026504 -0.706670 -0.706041 0.029926 0.707539
-102.520248 -1.069567 -25.108353 1.021541 0.789597 0.000000 0.999298 0.037465 -0.706693 0.026507 -0.707024 -0.707521 -0.026476 0.706197
-76.891426 -1.069567 -25.108353 0.947569 0.715626 0.000000 0.999298 0.037465 -0.706858 0.026501 -0.706858 -0.707355 -0.026482 0.706362
-51.262600 -1.069567 -25.108353 0.873597 0.641654 0.000000 0.999298 0.037465 -0.706858 0.026501 -0.706859 -0.707355 -0.026482 0.706362
-25.633770 -1.069567 -25.108353 0.799626 0.567682 -0.001238 0.999250 0.038698 -0.706858 0.026498 -0.706859 -0.707354 -0.028229 0.706295
-0.004943 -1.069567 -25.108353 0.725654 0.493710 -0.018799 0.999024 0.039971 -0.707141 0.014977 -0.706914 -0.706823 -0.041554 0.706169
25.623886 0.857987 -25.108353 0.651682 0.419738 -0.016339 0.999067 0.039988 -0.707165 0.016726 -0.706850 -0.706859 -0.039827 0.706232
51.252712 0.857987 -25.108353 0.577710 0.345766 -0.009393 0.999488 0.030595 -0.706985 0.015000 -0.707070 -0.707167 -0.028272 0.706482
76.881538 0.857987 -25.108353 0.503738 0.271794 -0.010612 0.999887 0.010612 -0.707107 -0.000000 -0.707106 -0.707027 -0.015007 0.707028
102.510376 0.857987 -25.108353 0.429766 0.197823 0.000000 1.000000 -0.000000 -0.707107 0.000000 -0.707107 -0.707107 0.000000 0.707107
128.139206 0.857987 -25.108353 0.355794 0.123851 0.000000 1.000000 -0.000000 -0.707108 0.000000 -0.707106 -0.707106 0.000000 0.707108
25.623886 0.857987 -153.252487 1.021541 0.049879 0.000000 1.000000 -0.000000 -0.707107 0.000000 -0.707107 -0.707107 0.000000 0.707107
-102.520248 -1.069567 0.520477 0.947569 0.863569 0.000000 0.998112 0.061413 -0.706883 0.043439 -0.705996 -0.707331 -0.043412 0.705549
-76.891426 -1.069567 0.520477 0.873597 0.789598 0.000000 0.998112 0.061413 -0.706436 0.043467 -0.706441 -0.707777 -0.043384 0.705103
-51.262600 -1.069567 0.520477 0.799625 0.715626 0.000000 0.998112 0.061413 -0.706436 0.043467 -0.706441 -0.707777 -0.043384 0.705102
-25.633770 -1.069567 0.520477 0.725653 0.641654 0.000000 0.998112 0.061413 -0.706436 0.043467 -0.706441 -0.707777 -0.043384 0.705103
-0.004943 -1.069567 0.520477 0.651682 0.567682 -0.009403 0.997446 0.070797 -0.706086 0.043510 -0.706788 -0.708064 -0.056634 0.703874
25.623886 -1.069567 0.520477 0.577709 0.493710 -0.005737 0.995860 0.090721 -0.706055 0.060210 -0.705593 -0.708134 -0.068102 0.702786
51.252712 -1.320925 0.520477 0.503738 0.419738 -0.017451 0.994604 0.102270 -0.705146 0.060273 -0.706496 -0.708848 -0.084444 0.700289
76.881538 0.857987 0.520477 0.429766 0.345767 -0.031647 0.995191 0.092696 -0.706816 0.043289 -0.706071 -0.706689 -0.087864 0.702047
102.510376 0.857987 0.520477 0.355794 0.271795 -0.010504 0.997366 0.071766 -0.706794 0.043363 -0.706089 -0.707342 -0.058141 0.704477
128.139206 0.857987 0.520477 0.281822 0.197823 0.000000 0.998112 0.061413 -0.705990 0.043494 -0.706885 -0.708222 -0.043357 0.704658
51.252712 0.857987 -153.252487 0.947569 -0.024093 0.000000 1.000000 -0.000000 -0.707106 0.000000 -0.707107 -0.707107 0.000000 0.707106
-102.520248 -4.235397 26.149292 0.873597 0.937541 0.000000 0.996366 0.085174 -0.705436 0.060369 -0.706198 -0.708773 -0.060085 0.702873
-76.891426 -4.235397 26.149292 0.799625 0.863569 0.000000 0.996366 0.085174 -0.705816 0.060337 -0.705821 -0.708395 -0.060117 0.703251
-51.262600 -4.235397 26.149292 0.725653 0.789597 0.000000 0.996366 0.085174 -0.705816 0.060337 -0.705821 -0.708395 -0.060117 0.703251
-25.633770 -4.235397 26.149292 0.651682 0.715626 0.020163 0.994241 0.105254 -0.705530 0.088741 -0.703103 -0.708394 -0.060083 0.703256
-0.004943 -4.235397 26.149292 0.577710 0.641654 0.020165 0.989235 0.144941 -0.702262 0.117201 -0.702205 -0.711633 -0.087627 0.697066
25.623886 -4.235397 26.149292 0.503738 0.567682 0.004837 0.986362 0.164517 -0.701942 0.120524 -0.701962 -0.712217 -0.112087 0.692952
51.252712 -4.486755 26.149292 0.429766 0.493710 -0.005647 0.984591 0.174779 -0.701330 0.120690 -0.702546 -0.712815 -0.126545 0.689842
76.881538 -4.486755 26.149292 0.355795 0.419738 -0.031266 0.980341 0.194818 -0.701735 0.117268 -0.702721 -0.711752 -0.158682 0.684273
102.510376 -2.307841 26.149292 0.281822 0.345766 -0.003523 0.975406 0.220389 -0.702923 0.154340 -0.694318 -0.711257 -0.157363 0.685092
128.139206 -2.307841 26.149292 0.207850 0.271795 0.034777 0.971159 0.235883 -0.690087 0.194059 -0.697223 -0.722890 -0.138533 0.676933
76.881538 0.857987 -153.252487 0.873597 -0.098065 0.000000 1.000000 -0.000000 -0.707106 0.000000 -0.707108 -0.707108 0.000000 0.707106
-102.520248 -5.457577 51.778130 0.799625 1.011513 0.000000 0.999716 0.023824 -0.706939 0.016850 -0.707074 -0.707275 -0.016842 0.706738
-76.891426 -5.457577 51.778130 0.725653 0.937541 0.000000 0.999716 0.023824 -0.707006 0.016848 -0.707007 -0.707208 -0.016843 0.706805
-51.262600 -5.457577 51.778130 0.651682 0.863569 0.000000 0.999716 0.023824 -0.707006 0.016848 -0.707007 -0.707208 -0.016843 0.706805
-25.633770 -5.457577 51.778130 0.577710 0.789597 0.040529 0.998898 0.023682 -0.706390 0.045407 -0.706364 -0.706661 0.011900 0.707452
-0.004943 -9.634734 51.778130 0.503738 0.715626 0.040871 0.998893 0.023287 -0.706756 0.045377 -0.706001 -0.706276 0.012397 0.707828
25.623886 -9.634734 51.778130 0.429766 0.641654 0.032912 0.998167 0.050797 -0.705983 0.059193 -0.705750 -0.707463 -0.012634 0.706637
51.252712 -9.886093 51.778130 0.355794 0.567682 0.033905 0.993660 0.107189 -0.703264 0.099925 -0.703872 -0.710120 -0.051518 0.702193
76.881538 -9.886093 51.778130 0.281822 0.493710 -0.009102 0.989115 0.146861 -0.704448 0.097893 -0.702973 -0.709698 -0.109854 0.695889
102.510376 -9.886093 51.778130 0.207851 0.419738 0.025652 0.985807 0.165914 -0.698521 0.136404 -0.702469 -0.715130 -0.097875 0.692105
128.139206 -13.668277 51.778130 0.133879 0.345766 0.072471 0.982155 0.173552 -0.696836 0.174355 -0.695715 -0.713560 -0.070518 0.697036
102.510376 0.857987 -153.252487 0.799626 -0.172037 0.000000 1.000000 -0.000000 -0.707107 0.000000 -0.707106 -0.707106 0.000000 0.707107
-102.520248 -5.457577 77.406967 0.725654 1.085485 0.000000 1.000000 -0.000000 -0.707106 0.000000 -0.707108 -0.707108 0.000000 0.707106
-76.891426 -5.457577 77.406967 0.651682 1.011513 0.000000 1.000000 -0.000000 -0.707107 0.000000 -0.707107 -0.707107 0.000000 0.707107
-51.262600 -5.457577 77.406967 0.577710 0.937541 0.028760 0.999173 0.028760 -0.706521 0.040673 -0.706522 -0.707107 0.000000 0.707107
-25.633770 -5.457577 77.406967 0.503738 0.863569 0.049328 0.996625 0.065618 -0.704640 0.081287 -0.704894 -0.707849 -0.011466 0.706271
-0.004943 -5.457577 77.406967 0.429766 0.789597 0.020574 0.998346 0.053691 -0.706391 0.052519 -0.705870 -0.707523 -0.023404 0.706303
25.623886 -5.457577 77.406967 0.355794 0.715626 0.059499 0.997691 0.032745 -0.706284 0.065256 -0.704915 -0.705424 0.018814 0.708536
51.252712 -11.418673 77.406967 0.281822 0.641654 0.062625 0.997519 0.032156 -0.705640 0.067039 -0.705392 -0.705798 0.021485 0.708087
76.881538 -11.670032 77.406967 0.207851 0.567682 0.003677 0.999431 0.033521 -0.706836 0.026310 -0.706888 -0.707368 -0.021094 0.706531
102.510376 -11.670032 77.406967 0.133879 0.493710 0.018415 0.999697 0.016333 -0.706893 0.024571 -0.706894 -0.707081 0.001471 0.707131
128.139206 -11.670032 77.406967 0.059907 0.419738 0.036819 0.999320 -0.002086 -0.706058 0.024536 -0.707729 -0.707197 0.027531 0.706481
128.139206 0.857987 -153.252487 0.725653 -0.246009 0.000000 1.000000 -0.000000 -0.707107 0.000000 -0.707107 -0.707107 0.000000 0.707107
Indices
11
101 0 22
101 11 22
112 101 33
112 22 33
123 112 44
123 33 44
134 123 55
134 44 55
145 134 66
145 55 66
156 145 77
156 66 77
167 156 88
167 77 88
178 167 99
178 88 99
189 178 100
189 99 11
103 22 102
103 11 103
33 22 104
33 103 104
44 33 105
44 104 105
55 44 106
55 105 106
66 55 107
66 106 107
77 66 108
77 107 108
88 77 109
88 108 109
99 88 110
99 109 110
100 99 111
100 110 102
114 103 113
114 102 103
115 104 114
115 103 115
105 104 116
105 115 116
106 105 117
106 116 117
107 106 118
107 117 118
108 107 119
108 118 119
109 108 120
109 119 120
110 109 121
110 120 121
111 110 122
111 121 124
114 113 125
114 124 114
126 115 125
126 114 126
116 115 127
116 126 127
117 116 128
117 127 128
118 117 129
118 128 129
119 118 130
119 129 130
120 119 131
120 130 131
121 120 132
121 131 132
122 121 133
122 132 135
125 124 136
125 135 136
126 125 137
126 136 137
127 126 138
127 137 138
128 127 139
128 138 128
140 129 139
140 128 140
130 129 141
130 140 141
131 130 142
131 141 142
132 131 143
132 142 143
133 132 144
133 143 146
136 135 147
136 146 147
137 136 148
137 147 148
138 137 149
138 148 149
139 138 150
139 149 139
151 140 150
151 139 151
141 140 152
141 151 141
153 142 152
153 141 153
143 142 154
143 153 154
144 143 155
144 154 157
147 146 158
147 157 158
148 147 159
148 158 159
149 148 160
149 159 160
150 149 161
150 160 161
151 150 162
151 161 162
152 151 163
152 162 152
164 153 163
164 152 153
165 154 164
165 153 165
155 154 166
155 165 168
158 157 169
158 168 169
159 158 170
159 169 170
160 159 171
160 170 171
161 160 172
161 171 172
162 161 173
162 172 173
163 162 174
163 173 174
164 163 175
164 174 164
176 165 175
176 164 176
166 165 177
166 176 179
169 168 180
169 179 180
170 169 181
170 180 181
171 170 182
171 181 171
183 172 182
183 171 183
173 172 184
173 183 173
185 174 184
185 173 185
175 174 186
175 185 186
176 175 187
176 186 187
177 176 188
177 187 1
180 179 2
180 1 2
181 180 3
181 2 3
182 181 4
182 3 4
183 182 5
183 4 5
184 183 6
184 5 6
185 184 7
185 6 7
186 185 8
186 7 8
187 186 9
187 8 9
188 187 10
188 9 12
2 1 13
2 12 13
3 2 14
3 13 3
15 4 14
15 3 4
16 5 15
16 4 16
6 5 17
6 16 17
7 6 18
7 17 18
8 7 19
8 18 19
9 8 20
9 19 20
10 9 21
10 20 23
13 12 24
13 23 24
14 13 25
14 24 25
15 14 26
15 25 26
16 15 27
16 26 27
17 16 28
17 27 28
18 17 29
18 28 29
19 18 30
19 29 30
20 19 31
20 30 31
21 20 32
21 31 34
24 23 35
24 34 35
25 24 36
25 35 36
26 25 37
26 36 37
27 26 38
27 37 38
28 27 39
28 38 39
29 28 40
29 39 40
30 29 41
30 40 41
31 30 42
31 41 42
32 31 43
32 42 45
35 34 46
35 45 46
36 35 47
36 46 47
37 36 48
37 47 48
38 37 49
38 48 49
39 38 50
39 49 50
40 39 51
40 50 51
41 40 52
41 51 52
42 41 53
42 52 53
43 42 54
43 53 56
46 45 57
46 56 57
47 46 58
47 57 58
48 47 59
48 58 59
49 48 60
49 59 60
50 49 61
50 60 61
51 50 62
51 61 62
52 51 63
52 62 63
53 52 64
53 63 64
54 53 65
54 64 67
57 56 68
57 67 68
58 57 69
58 68 69
59 58 70
59 69 59
71 60 70
71 59 60
72 61 71
72 60 72
62 61 73
62 72 73
63 62 74
63 73 74
64 63 75
64 74 75
65 64 76
65 75 78
68 67 79
68 78 79
69 68 80
69 79 80
70 69 81
70 80 81
71 70 82
71 81 82
72 71 83
72 82 83
73 72 84
73 83 84
74 73 85
74 84 85
75 74 86
75 85 86
76 75 87
76 86 89
79 78 90
79 89 90
80 79 91
80 90 91
81 80 92
81 91 92
82 81 93
82 92 93
83 82 94
83 93 94
84 83 95
84 94 95
85 84 96
85 95 96
86 85 97
86 96 97
87 86 98
87 97